ID	cluster	dist_rf	dist_spr	PP	sqrt(PP)	sqrt_size	log_size	uniq_id
0	1	0	0	0.0461532	0.214832958365331	0.214833	-1.3358	5
1	1	4	1	0.0461087	0.214729364549891	0.214729	-1.33622	68
2	2	4	2	0.0461081	0.214727967437872	0.214728	-1.33622	61
3	1	4	1	0.0460909	0.214687913027259	0.214688	-1.33638	54
4	1	2	1	0.0460904	0.214686748543081	0.214687	-1.33639	26
5	1	2	1	0.0460869	0.214678596976969	0.214679	-1.33642	75
6	3	4	2	0.0460758	0.214652742819653	0.214653	-1.33653	71
7	1	2	1	0.0460547	0.214603588040834	0.214604	-1.33673	40
8	2	4	2	0.0460491	0.214590540332047	0.214591	-1.33678	47
9	1	2	1	0.0460478	0.214587511286188	0.214588	-1.33679	6
10	1	4	1	0.0460397	0.214568637037196	0.214569	-1.33687	12
11	1	4	1	0.0460227	0.214529019016076	0.214529	-1.33703	103
12	3	4	2	0.0460218	0.214526921387503	0.214527	-1.33704	76
13	1	2	1	0.0460187	0.21451969606542	0.21452	-1.33707	1
14	1	4	1	0.0460088	0.21449662001999	0.214497	-1.33716	19
15	1	4	1	0.046001	0.214478437144623	0.214478	-1.33723	82
16	2	4	2	0.0459878	0.214447662612582	0.214448	-1.33736	89
17	2	4	2	0.0459799	0.214429242408772	0.214429	-1.33743	96
18	1	2	1	0.0459468	0.214352046876161	0.214352	-1.33774	33
19	3	4	2	0.0458879	0.21421461201328	0.214215	-1.3383	36
20	4	4	2	0.0457352	0.213857896744544	0.213858	-1.33975	41
21	5	6	2	0.0005481	0.023411535618152	0.0234115	-3.26114	23
22	6	6	2	0.00054766	0.0234021366545878	0.0234021	-3.26149	88
23	7	6	2	0.00054702	0.0233884586922696	0.0233885	-3.262	14
24	5	6	2	0.00054646	0.0233764839101179	0.0233765	-3.26244	30
25	5	6	2	0.00054512	0.02334780503602	0.0233478	-3.26351	45
26	6	6	2	0.00054462	0.0233370949348885	0.0233371	-3.26391	102
27	1	6	1	0.00054456	0.0233358093924338	0.0233358	-3.26395	8
28	6	6	2	0.000544	0.0233238075793812	0.0233238	-3.2644	11
29	1	6	1	0.00054386	0.0233208061610228	0.0233208	-3.26451	3
30	1	6	1	0.00054316	0.0233057932712019	0.0233058	-3.26507	2
31	5	6	2	0.00054302	0.023302789532586	0.0233028	-3.26518	94
32	4	6	2	0.00054292	0.0233006437679305	0.0233006	-3.26526	37
33	2	6	2	0.00054238	0.0232890532224906	0.0232891	-3.2657	57
34	6	6	2	0.00054234	0.0232881944340904	0.0232882	-3.26573	101
35	2	6	2	0.00054232	0.0232877650280142	0.0232878	-3.26574	53
36	5	6	2	0.0005423	0.0232873356140199	0.0232873	-3.26576	93
37	4	6	2	0.0005422	0.023285188425263	0.0232852	-3.26584	43
38	8	6	2	0.00054202	0.0232813229864628	0.0232813	-3.26598	49
39	-1	6	2	0.00054176	0.0232757384415618	0.0232757	-3.26619	31
40	5	6	2	0.00054158	0.0232718714331272	0.0232719	-3.26634	16
41	3	6	2	0.00054156	0.0232714417258579	0.0232714	-3.26635	73
42	6	6	2	0.00054126	0.0232649951644096	0.023265	-3.26659	81
43	7	6	2	0.00054056	0.023249946236497	0.0232499	-3.26716	21
44	2	6	2	0.00054018	0.0232417727378959	0.0232418	-3.26746	46
45	3	6	2	0.00053958	0.0232288613582328	0.0232289	-3.26794	85
46	7	6	2	0.00053844	0.0232043099444909	0.0232043	-3.26886	10
47	2	6	2	0.00053822	0.0231995689615131	0.0231996	-3.26904	39
48	6	6	2	0.00053806	0.023196120365268	0.0231961	-3.26917	51
49	5	6	2	0.00053772	0.0231887903953613	0.0231888	-3.26944	86
50	1	6	1	0.00053762	0.0231866340808665	0.0231866	-3.26952	15
51	2	6	2	0.00053754	0.023184908884876	0.0231849	-3.26959	59
52	3	6	2	0.00053738	0.0231814581077205	0.0231815	-3.26972	74
53	6	6	2	0.0005373	0.0231797325264982	0.0231797	-3.26978	91
54	2	6	2	0.0005368	0.0231689447321193	0.0231689	-3.27019	67
55	7	6	2	0.00053594	0.0231503779666769	0.0231504	-3.27088	80
56	3	6	2	0.00053592	0.0231499460042567	0.0231499	-3.2709	92
57	6	6	2	0.00053592	0.0231499460042567	0.0231499	-3.2709	18
58	2	6	2	0.00053548	0.0231404407909616	0.0231404	-3.27126	63
59	6	6	2	0.00053514	0.0231330931783884	0.0231331	-3.27153	98
60	5	6	2	0.0005349	0.023127905222912	0.0231279	-3.27173	65
61	2	6	2	0.0005341	0.0231106036269068	0.0231106	-3.27238	58
62	5	6	2	0.00053402	0.0231088727548533	0.0231089	-3.27244	24
63	4	6	2	0.00026194	0.0161845605439258	0.0161846	-3.5818	38
64	5	6	2	0.00026086	0.0161511609489844	0.0161512	-3.58359	13
65	6	6	2	0.00026078	0.0161486841569213	0.0161487	-3.58373	20
66	4	6	2	0.00025992	0.0161220346110533	0.016122	-3.58516	42
67	2	6	2	0.00025992	0.0161220346110533	0.016122	-3.58516	90
68	3	4	2	0.00025984	0.0161195533436879	0.0161196	-3.58529	32
69	1	4	1	0.00025908	0.0160959622265958	0.016096	-3.58657	34
70	4	6	2	0.00025882	0.0160878836395593	0.0160879	-3.587	56
71	2	6	2	0.00025852	0.0160785571491972	0.0160786	-3.58751	62
72	3	6	2	0.0002584	0.0160748250379281	0.0160748	-3.58771	72
73	1	4	1	0.0002582	0.0160686029262036	0.0160686	-3.58804	22
74	4	4	2	0.00025772	0.0160536600188244	0.0160537	-3.58885	28
75	1	4	1	0.00025766	0.016051791177311	0.0160518	-3.58895	4
76	3	6	2	0.00025756	0.0160486759578477	0.0160487	-3.58912	78
77	3	6	2	0.0002575	0.0160468065358812	0.0160468	-3.58922	84
78	1	6	1	0.00025738	0.0160430670384437	0.0160431	-3.58943	55
79	2	6	2	0.00025734	0.0160418203455842	0.0160418	-3.58949	48
80	3	6	2	0.00025734	0.0160418203455842	0.0160418	-3.58949	105
81	2	6	2	0.0002573	0.0160405735558302	0.0160406	-3.58956	60
82	5	6	2	0.00025722	0.0160380796855484	0.0160381	-3.5897	9
83	2	6	2	0.00025718	0.0160368326049753	0.0160368	-3.58976	44
84	1	4	1	0.00025708	0.0160337144791842	0.0160337	-3.58993	27
85	2	6	2	0.0002568	0.0160249804992081	0.016025	-3.5904	87
86	1	6	1	0.00025672	0.0160224842018958	0.0160225	-3.59054	79
87	3	6	2	0.00025632	0.0160099968769516	0.01601	-3.59122	100
88	1	4	1	0.0002562	0.0160062487797735	0.0160062	-3.59142	25
89	3	6	2	0.00025618	0.0160056240115779	0.0160056	-3.59145	77
90	1	6	1	0.00025614	0.016004374402019	0.0160044	-3.59152	52
91	3	6	2	0.00025606	0.0160018748901496	0.0160019	-3.59166	64
92	1	4	1	0.0002559	0.0159968746947646	0.0159969	-3.59193	7
93	3	6	2	0.00025568	0.0159899968730453	0.01599	-3.5923	66
94	-1	6	2	0.00025566	0.0159893714698233	0.0159894	-3.59234	17
95	4	6	2	0.0002554	0.0159812390007784	0.0159812	-3.59278	104
96	4	6	2	0.00025504	0.0159699718221417	0.01597	-3.59339	69
97	1	4	1	0.00025418	0.0159430235526389	0.015943	-3.59486	29
98	3	6	2	0.00025378	0.0159304739414746	0.0159305	-3.59554	99
99	3	6	2	0.0002537	0.015927962832704	0.015928	-3.59568	70
100	6	6	2	0.00025284	0.0159009433682408	0.0159009	-3.59715	97
101	6	6	2	0.0002523	0.0158839541676498	0.015884	-3.59808	95
102	1	4	1	0.00025224	0.0158820653568735	0.0158821	-3.59819	35
103	1	6	1	0.00025224	0.0158820653568735	0.0158821	-3.59819	83
104	3	6	2	0.00025196	0.0158732479348116	0.0158732	-3.59867	50
