ID	cluster	dist_rf	dist_spr	PP	sqrt(PP)	sqrt_size	log_size	uniq_id
0	1	0	0	0.011738	0.108342050931298	0.108342	-1.93041	167
1	2	8	3	0.0117253	0.108283424400967	0.108283	-1.93088	634
2	3	6	2	0.0117238	0.108276497911597	0.108276	-1.93093	733
3	4	4	2	0.0117223	0.108269570979108	0.10827	-1.93099	294
4	5	6	2	0.0117164	0.108242320743783	0.108242	-1.93121	50
5	6	8	3	0.0117161	0.108240934955312	0.108241	-1.93122	321
6	5	6	2	0.0117159	0.108240011086474	0.10824	-1.93122	5
7	4	6	2	0.0117147	0.108234467707842	0.108234	-1.93127	42
8	7	4	2	0.0117083	0.108204898225542	0.108205	-1.93151	608
9	6	6	3	0.011708	0.108203511957792	0.108204	-1.93152	320
10	3	6	3	0.0117053	0.108191034748726	0.108191	-1.93162	355
11	6	8	3	0.011702	0.108175782872138	0.108176	-1.93174	358
12	8	8	3	0.0117005	0.108168849490045	0.108169	-1.9318	0
13	3	4	2	0.0116991	0.10816237793244	0.108162	-1.93185	292
14	3	6	2	0.0116984	0.108159142008431	0.108159	-1.93187	40
15	1	2	1	0.011697	0.108152669869957	0.108153	-1.93193	168
16	2	6	3	0.0116958	0.108147122014411	0.108147	-1.93197	635
17	3	6	3	0.0116895	0.108117991102314	0.108118	-1.9322	607
18	1	2	1	0.0116889	0.108115216320368	0.108115	-1.93223	797
19	1	4	1	0.0116876	0.108109204048499	0.108109	-1.93227	734
20	5	8	2	0.0116874	0.108108279053919	0.108108	-1.93228	51
21	6	8	3	0.0116873	0.108107816553661	0.108108	-1.93229	351
22	6	8	3	0.0116868	0.108105504022691	0.108106	-1.9323	367
23	4	6	3	0.0116852	0.108098103591136	0.108098	-1.93236	357
24	6	8	3	0.011685	0.108097178501569	0.108097	-1.93237	315
25	3	6	2	0.011683	0.108087927170429	0.108088	-1.93245	859
26	1	4	1	0.0116817	0.108081913380547	0.108082	-1.93249	41
27	2	4	2	0.011679	0.108069422132257	0.108069	-1.93259	671
28	1	2	1	0.0116771	0.10806063112901	0.108061	-1.93267	293
29	-1	6	2	0.0116751	0.108051376668694	0.108051	-1.93274	861
30	4	6	2	0.0116745	0.108048600176032	0.108049	-1.93276	231
31	2	8	3	0.0116739	0.108045823612021	0.108046	-1.93278	673
32	5	6	3	0.0116734	0.108043509754173	0.108044	-1.9328	680
33	-1	8	3	0.0116729	0.108041195846769	0.108041	-1.93282	666
34	3	6	3	0.0116685	0.108020831324333	0.108021	-1.93298	544
35	4	4	2	0.0116682	0.108019442694359	0.108019	-1.933	483
36	6	8	3	0.0116679	0.108018054046534	0.108018	-1.93301	6
37	5	8	3	0.011665	0.108004629530405	0.108005	-1.93312	45
38	1	2	1	0.0116649	0.108004166586294	0.108004	-1.93312	166
39	6	8	4	0.0116649	0.108004166586294	0.108004	-1.93312	322
40	1	4	1	0.011664	0.108	0.108	-1.93315	860
41	5	8	2	0.0116635	0.107997685160377	0.107998	-1.93317	52
42	-1	6	2	0.0116633	0.107996759210636	0.107997	-1.93318	229
43	6	8	3	0.0116626	0.107993518324018	0.107994	-1.9332	364
44	8	8	2	0.0116615	0.107988425305678	0.107988	-1.93325	36
45	2	6	3	0.0116611	0.107986573239454	0.107987	-1.93326	672
46	6	8	4	0.0116607	0.107984721141465	0.107985	-1.93328	360
47	2	8	3	0.0116587	0.107975460174986	0.107975	-1.93335	682
48	3	6	2	0.011658	0.107972218649058	0.107972	-1.93338	418
49	4	6	2	0.0116578	0.107971292480918	0.107971	-1.93338	420
50	2	8	2	0.0116577	0.107970829393869	0.107971	-1.93339	4
51	1	4	1	0.0116568	0.107966661521045	0.107967	-1.93342	419
52	5	8	2	0.0116548	0.107957399005348	0.107957	-1.9335	49
53	-1	8	4	0.0116539	0.107953230614002	0.107953	-1.93353	675
54	5	6	3	0.0116535	0.107951377943961	0.107951	-1.93354	365
55	4	4	2	0.0116531	0.107949525242124	0.10795	-1.93356	798
56	2	8	4	0.0116531	0.107949525242124	0.10795	-1.93356	637
57	3	4	2	0.0116525	0.107946746129747	0.107947	-1.93358	796
58	3	6	2	0.0116522	0.107945356546727	0.107945	-1.93359	735
59	1	2	1	0.0116521	0.107944893348412	0.107945	-1.9336	482
60	2	8	4	0.0116506	0.107937945135156	0.107938	-1.93365	630
61	-1	4	2	0.0116474	0.107923120785122	0.107923	-1.93377	481
62	4	4	2	0.0116469	0.107920804296484	0.107921	-1.93379	105
63	-1	6	2	0.0116452	0.107912927863162	0.107913	-1.93385	924
64	7	4	2	0.0116392	0.107885124090395	0.107885	-1.93408	545
65	5	8	2	0.0116392	0.107885124090395	0.107885	-1.93408	43
66	3	6	2	0.0116383	0.107880952906433	0.107881	-1.93411	922
67	-1	8	3	0.0116367	0.107873537070034	0.107874	-1.93417	681
68	2	8	3	0.0116345	0.107863339462488	0.107863	-1.93425	679
69	3	4	2	0.0116333	0.107857776724722	0.107858	-1.9343	103
70	2	8	4	0.0116322	0.107852677296394	0.107853	-1.93434	636
71	2	6	3	0.0116304	0.107844332257194	0.107844	-1.93441	670
72	7	6	3	0.0116286	0.107835986572201	0.107836	-1.93447	609
73	1	4	1	0.0116278	0.107832277171541	0.107832	-1.9345	923
74	7	4	2	0.0116276	0.107831349801438	0.107831	-1.93451	356
75	1	4	1	0.0116267	0.107827176537272	0.107827	-1.93454	230
76	5	8	3	0.0116259	0.107823466833524	0.107823	-1.93457	7
77	-1	6	3	0.0116242	0.107815583289244	0.107816	-1.93464	546
78	-1	8	3	0.0116185	0.107789146021295	0.107789	-1.93485	366
79	2	8	3	0.0116177	0.107785435008632	0.107785	-1.93488	319
80	1	2	1	0.0116161	0.107778012599973	0.107778	-1.93494	104
81	-1	8	2	0.00014504	0.0120432553738597	0.0120433	-3.83851	226
82	1	8	1	0.00014452	0.012021647141719	0.0120216	-3.84007	162
83	3	8	2	0.00014318	0.0119657845543032	0.0119658	-3.84412	732
84	8	8	2	0.00014274	0.0119473846510439	0.0119474	-3.84545	126
85	-1	8	2	0.00014204	0.0119180535323517	0.0119181	-3.84759	102
86	-1	6	2	0.00014182	0.0119088202606304	0.0119088	-3.84826	780
87	-1	8	2	0.00014168	0.0119029408130932	0.0119029	-3.84869	877
88	8	8	3	0.00014158	0.011898739429032	0.0118987	-3.849	1
89	2	8	3	0.00014134	0.011888650049522	0.0118887	-3.84973	632
90	7	8	3	0.0001412	0.0118827606220104	0.0118828	-3.85017	604
91	2	8	3	0.00014066	0.0118600168633944	0.01186	-3.85183	661
92	3	8	3	0.00014064	0.0118591736642989	0.0118592	-3.85189	552
93	-1	8	3	0.0001406	0.0118574870862253	0.0118575	-3.85201	928
94	2	8	3	0.00014036	0.0118473625756959	0.0118474	-3.85276	694
95	-1	6	2	0.00014028	0.0118439858155943	0.011844	-3.853	329
96	-1	6	2	0.00014026	0.0118431414751323	0.0118431	-3.85307	383
97	1	6	1	0.00014022	0.0118414526135943	0.0118415	-3.85319	23
98	-1	8	2	0.00014002	0.011833004690272	0.011833	-3.85381	37
99	-1	8	3	0.00013998	0.0118313143817583	0.0118313	-3.85393	526
100	8	8	3	0.00013998	0.0118313143817583	0.0118313	-3.85393	297
101	-1	4	2	0.00013982	0.0118245507314232	0.0118246	-3.85443	266
102	-1	8	2	0.00013976	0.0118220133649053	0.011822	-3.85462	800
103	-1	8	2	0.00013972	0.0118203214846298	0.0118203	-3.85474	787
104	-1	6	2	0.00013968	0.0118186293621553	0.0118186	-3.85487	203
105	-1	8	3	0.0001396	0.0118152443901935	0.0118152	-3.85511	309
106	-1	8	2	0.00013944	0.0118084715353004	0.0118085	-3.85561	478
107	6	8	3	0.0001394	0.0118067777145164	0.0118068	-3.85574	569
108	1	6	1	0.0001394	0.0118067777145164	0.0118068	-3.85574	131
109	6	8	3	0.00013936	0.011805083650699	0.0118051	-3.85586	316
110	-1	8	2	0.00013932	0.0118033893437436	0.0118034	-3.85599	211
111	-1	8	3	0.00013926	0.0118008474271978	0.0118008	-3.85617	629
112	-1	8	2	0.00013924	0.0118	0.0118	-3.85624	793
113	1	8	1	0.00013918	0.0117974573531757	0.0117975	-3.85642	852
114	-1	8	3	0.00013914	0.0117957619508025	0.0117958	-3.85655	430
115	-1	6	2	0.00013908	0.0117932183902445	0.0117932	-3.85674	109
116	1	6	1	0.00013906	0.0117923704148063	0.0117924	-3.8568	184
117	-1	6	2	0.00013904	0.0117915223783869	0.0117915	-3.85686	725
118	2	8	3	0.00013902	0.0117906742809731	0.0117907	-3.85692	889
119	3	8	2	0.00013892	0.0117864328785261	0.0117864	-3.85724	832
120	-1	8	3	0.00013878	0.0117804923496431	0.0117805	-3.85767	745
121	8	8	3	0.0001387	0.0117770964163498	0.0117771	-3.85792	623
122	2	8	3	0.00013866	0.0117753980824429	0.0117754	-3.85805	448
123	8	8	2	0.0001386	0.0117728501222092	0.0117729	-3.85824	2
124	-1	8	3	0.00013854	0.0117703016104091	0.0117703	-3.85842	664
125	-1	8	3	0.00013852	0.0117694519838436	0.0117695	-3.85849	361
126	-1	8	3	0.00013848	0.0117677525466845	0.0117678	-3.85861	224
127	5	8	2	0.00013848	0.0117677525466845	0.0117678	-3.85861	25
128	4	6	2	0.00013834	0.0117618025829377	0.0117618	-3.85905	115
129	-1	8	2	0.00013826	0.0117584012518709	0.0117584	-3.8593	409
130	5	8	3	0.00013824	0.0117575507653593	0.0117576	-3.85937	645
131	2	8	3	0.0001382	0.0117558496077485	0.0117558	-3.85949	652
132	-1	8	2	0.00013814	0.0117532974096634	0.0117533	-3.85968	933
133	7	6	2	0.00013812	0.0117524465538032	0.0117524	-3.85974	437
134	2	8	3	0.00013812	0.0117524465538032	0.0117524	-3.85974	762
135	3	8	3	0.00013798	0.0117464888370951	0.0117465	-3.86018	942
136	6	8	3	0.00013794	0.0117447860772344	0.0117448	-3.86031	575
137	-1	8	3	0.0001379	0.0117430830704717	0.0117431	-3.86044	508
138	-1	8	3	0.0001379	0.0117430830704717	0.0117431	-3.86044	753
139	-1	8	3	0.00013788	0.0117422314744686	0.0117422	-3.8605	540
140	-1	8	3	0.00013784	0.0117405280971513	0.0117405	-3.86062	620
141	-1	8	2	0.00013784	0.0117405280971513	0.0117405	-3.86062	416
142	-1	8	3	0.00013784	0.0117405280971513	0.0117405	-3.86062	486
143	-1	8	2	0.00013784	0.0117405280971513	0.0117405	-3.86062	414
144	-1	6	2	0.00013776	0.011737120600897	0.0117371	-3.86088	761
145	-1	6	2	0.00013772	0.0117354164817445	0.0117354	-3.861	527
146	1	6	1	0.00013772	0.0117354164817445	0.0117354	-3.861	73
147	-1	8	2	0.00013764	0.01173200750085	0.011732	-3.86126	853
148	1	4	1	0.00013764	0.01173200750085	0.011732	-3.86126	146
149	1	6	1	0.00013752	0.0117268921714152	0.0117269	-3.86163	212
150	6	8	3	0.00013736	0.0117200682591869	0.0117201	-3.86214	593
151	-1	6	3	0.0001373	0.0117175082675456	0.0117175	-3.86233	803
152	-1	8	2	0.00013728	0.0117166548127014	0.0117167	-3.86239	871
153	7	6	2	0.00013726	0.0117158012956861	0.0117158	-3.86246	465
154	1	6	1	0.0001372	0.0117132403714771	0.0117132	-3.86265	158
155	-1	6	2	0.00013718	0.0117123866056411	0.0117124	-3.86271	121
156	-1	8	2	0.00013716	0.0117115327775659	0.0117115	-3.86277	856
157	4	6	2	0.0001371	0.0117089709197692	0.011709	-3.86296	290
158	-1	8	3	0.0001371	0.0117089709197692	0.011709	-3.86296	657
159	1	4	1	0.0001371	0.0117089709197692	0.011709	-3.86296	140
160	-1	8	3	0.00013708	0.0117081168426011	0.0117081	-3.86303	354
161	-1	8	3	0.00013708	0.0117081168426011	0.0117081	-3.86303	378
162	-1	8	2	0.00013706	0.0117072627031258	0.0117073	-3.86309	202
163	3	6	2	0.00013706	0.0117072627031258	0.0117073	-3.86309	770
164	4	4	2	0.00013704	0.0117064085013295	0.0117064	-3.86315	122
165	-1	8	3	0.00013704	0.0117064085013295	0.0117064	-3.86315	352
166	2	8	3	0.00013702	0.0117055542371987	0.0117056	-3.86322	443
167	-1	8	3	0.000137	0.0117046999107196	0.0117047	-3.86328	328
168	2	8	3	0.00013696	0.0117029910706622	0.011703	-3.86341	825
169	-1	8	3	0.00013692	0.0117012819810481	0.0117013	-3.86353	892
170	-1	8	2	0.0001369	0.011700427342623	0.0117004	-3.8636	792
171	3	8	3	0.00013684	0.0116978630527118	0.0116979	-3.86379	739
172	5	8	3	0.00013684	0.0116978630527118	0.0116979	-3.86379	33
173	3	8	3	0.00013682	0.0116970081644838	0.011697	-3.86385	555
174	-1	8	3	0.0001368	0.0116961532137708	0.0116962	-3.86391	331
175	3	8	2	0.00013678	0.0116952982005591	0.0116953	-3.86398	731
176	-1	6	2	0.00013678	0.0116952982005591	0.0116953	-3.86398	824
177	3	4	2	0.00013678	0.0116952982005591	0.0116953	-3.86398	173
178	7	8	3	0.00013676	0.011694443124835	0.0116944	-3.86404	606
179	-1	8	3	0.00013674	0.0116935879865848	0.0116936	-3.8641	677
180	4	8	3	0.00013672	0.0116927327857948	0.0116927	-3.86417	241
181	7	8	2	0.0001367	0.0116918775224512	0.0116919	-3.86423	619
182	-1	8	3	0.00013664	0.011689311356962	0.0116893	-3.86442	260
183	4	8	3	0.00013662	0.0116884558432669	0.0116885	-3.86449	223
184	4	6	2	0.0001366	0.0116876002669496	0.0116876	-3.86455	274
185	-1	8	3	0.00013658	0.0116867446279963	0.0116867	-3.86461	748
186	5	8	3	0.00013652	0.0116841773351828	0.0116842	-3.8648	60
187	6	8	3	0.0001365	0.0116833214455479	0.0116833	-3.86487	503
188	-1	8	2	0.0001365	0.0116833214455479	0.0116833	-3.86487	38
189	-1	8	2	0.0001365	0.0116833214455479	0.0116833	-3.86487	708
190	-1	8	3	0.00013648	0.0116824654932082	0.0116825	-3.86493	647
191	3	8	2	0.00013648	0.0116824654932082	0.0116825	-3.86493	769
192	6	8	4	0.00013648	0.0116824654932082	0.0116825	-3.86493	318
193	-1	8	2	0.00013644	0.0116807534003591	0.0116808	-3.86506	867
194	-1	8	2	0.00013644	0.0116807534003591	0.0116808	-3.86506	454
195	-1	8	3	0.00013644	0.0116807534003591	0.0116808	-3.86506	612
196	1	8	1	0.0001364	0.0116790410565251	0.011679	-3.86519	849
197	-1	8	3	0.0001364	0.0116790410565251	0.011679	-3.86519	669
198	-1	8	3	0.00013638	0.0116781847904544	0.0116782	-3.86525	668
199	-1	6	2	0.00013636	0.011677328461596	0.0116773	-3.86531	401
200	8	8	3	0.00013636	0.011677328461596	0.0116773	-3.86531	621
201	-1	8	2	0.00013628	0.01167390251801	0.0116739	-3.86557	99
202	-1	8	3	0.00013626	0.0116730458750062	0.011673	-3.86563	685
203	4	6	2	0.00013624	0.0116721891691319	0.0116722	-3.8657	289
204	7	6	2	0.00013622	0.0116713324003731	0.0116713	-3.86576	461
205	8	8	3	0.00013622	0.0116713324003731	0.0116713	-3.86576	234
206	8	8	3	0.0001362	0.0116704755687161	0.0116705	-3.86582	628
207	8	8	3	0.0001362	0.0116704755687161	0.0116705	-3.86582	243
208	-1	8	2	0.0001362	0.0116704755687161	0.0116705	-3.86582	436
209	7	8	2	0.00013616	0.0116687617166519	0.0116688	-3.86595	537
210	-1	6	2	0.00013612	0.0116670476128282	0.011667	-3.86608	807
211	-1	8	2	0.00013608	0.0116653332571341	0.0116653	-3.86621	863
212	-1	8	3	0.00013608	0.0116653332571341	0.0116653	-3.86621	754
213	1	4	1	0.00013606	0.011664475984801	0.0116645	-3.86627	275
214	4	4	2	0.00013606	0.011664475984801	0.0116645	-3.86627	178
215	-1	8	3	0.00013604	0.0116636186494587	0.0116636	-3.86633	897
216	-1	8	3	0.00013604	0.0116636186494587	0.0116636	-3.86633	738
217	-1	8	3	0.000136	0.0116619037896906	0.0116619	-3.86646	935
218	-1	8	2	0.00013596	0.0116601886777187	0.0116602	-3.86659	94
219	7	8	2	0.00013596	0.0116601886777187	0.0116602	-3.86659	618
220	6	8	3	0.00013594	0.0116593310271216	0.0116593	-3.86665	259
221	-1	8	2	0.0001359	0.0116576155366353	0.0116576	-3.86678	870
222	-1	8	2	0.00013588	0.0116567576967182	0.0116568	-3.86684	13
223	-1	8	2	0.00013584	0.0116550418274668	0.011655	-3.86697	904
224	-1	8	3	0.00013584	0.0116550418274668	0.011655	-3.86697	542
225	6	6	3	0.00013584	0.0116550418274668	0.011655	-3.86697	303
226	-1	8	3	0.0001358	0.0116533257055658	0.0116533	-3.8671	497
227	-1	8	3	0.0001358	0.0116533257055658	0.0116533	-3.8671	541
228	-1	8	2	0.00013576	0.0116516093309036	0.0116516	-3.86723	382
229	-1	6	3	0.00013574	0.0116507510487522	0.0116508	-3.86729	509
230	-1	8	3	0.00013572	0.0116498927033686	0.0116499	-3.86736	755
231	-1	8	3	0.00013564	0.0116464586892325	0.0116465	-3.86761	517
232	4	6	3	0.0001356	0.0116447413024077	0.0116447	-3.86774	304
233	-1	6	2	0.00013552	0.0116413057686842	0.0116413	-3.868	788
234	-1	6	2	0.00013552	0.0116413057686842	0.0116413	-3.868	410
235	7	6	2	0.0001355	0.0116404467268228	0.0116404	-3.86806	581
236	8	8	2	0.00013548	0.0116395876215612	0.0116396	-3.86812	18
237	-1	8	3	0.00013546	0.0116387284528852	0.0116387	-3.86819	346
238	6	8	3	0.00013542	0.0116370099252342	0.011637	-3.86832	384
239	-1	8	3	0.00013542	0.0116370099252342	0.011637	-3.86832	691
240	5	8	3	0.00013542	0.0116370099252342	0.011637	-3.86832	30
241	-1	8	3	0.00013542	0.0116370099252342	0.011637	-3.86832	655
242	8	8	3	0.00013542	0.0116370099252342	0.011637	-3.86832	891
243	-1	8	2	0.0001354	0.0116361505662311	0.0116362	-3.86838	22
244	3	8	2	0.00013538	0.0116352911437574	0.0116353	-3.86845	715
245	1	6	1	0.00013536	0.0116344316577992	0.0116344	-3.86851	170
246	-1	8	3	0.00013532	0.0116327124953727	0.0116327	-3.86864	306
247	8	8	3	0.00013532	0.0116327124953727	0.0116327	-3.86864	585
248	-1	8	3	0.00013532	0.0116327124953727	0.0116327	-3.86864	394
249	-1	6	3	0.0001353	0.0116318528188763	0.0116319	-3.8687	781
250	-1	8	2	0.00013522	0.0116284134773408	0.0116284	-3.86896	857
251	-1	8	3	0.00013522	0.0116284134773408	0.0116284	-3.86896	287
252	1	6	1	0.0001352	0.0116275534829989	0.0116276	-3.86902	163
253	-1	8	3	0.00013516	0.0116258333034669	0.0116258	-3.86915	69
254	5	8	3	0.00013516	0.0116258333034669	0.0116258	-3.86915	46
255	-1	8	3	0.00013514	0.0116249731182485	0.011625	-3.86922	678
256	-1	6	2	0.00013512	0.0116241128693763	0.0116241	-3.86928	95
257	5	8	3	0.00013512	0.0116241128693763	0.0116241	-3.86928	339
258	8	8	3	0.00013512	0.0116241128693763	0.0116241	-3.86928	300
259	5	8	2	0.0001351	0.0116232525568362	0.0116233	-3.86934	47
260	3	8	3	0.00013506	0.0116215317406958	0.0116215	-3.86947	744
261	-1	8	2	0.00013506	0.0116215317406958	0.0116215	-3.86947	841
262	-1	8	3	0.00013502	0.011619810669714	0.0116198	-3.8696	747
263	-1	8	2	0.000135	0.0116189500386223	0.011619	-3.86967	480
264	-1	6	3	0.000135	0.0116189500386223	0.011619	-3.86967	488
265	-1	8	3	0.0001349	0.0116146459265877	0.0116146	-3.86999	927
266	-1	6	2	0.0001349	0.0116146459265877	0.0116146	-3.86999	914
267	-1	8	3	0.0001349	0.0116146459265877	0.0116146	-3.86999	375
268	-1	8	3	0.00013486	0.0116129238351072	0.0116129	-3.87012	501
269	-1	8	3	0.00013484	0.0116120626935958	0.0116121	-3.87018	756
270	2	8	2	0.00013484	0.0116120626935958	0.0116121	-3.87018	823
271	-1	8	2	0.00013484	0.0116120626935958	0.0116121	-3.87018	814
272	-1	6	2	0.00013482	0.0116112014882182	0.0116112	-3.87025	878
273	7	6	2	0.00013482	0.0116112014882182	0.0116112	-3.87025	563
274	8	8	3	0.0001348	0.01161034021896	0.0116103	-3.87031	63
275	-1	6	2	0.00013466	0.0116043095443029	0.0116043	-3.87076	85
276	-1	8	3	0.00013462	0.0116025859186649	0.0116026	-3.87089	548
277	1	6	1	0.0001346	0.0116017240098185	0.0116017	-3.87095	139
278	2	8	2	0.00013458	0.011600862036935	0.0116009	-3.87102	760
279	-1	8	2	0.00013456	0.0116	0.0116	-3.87108	227
280	6	8	3	0.00013454	0.0115991378989992	0.0115991	-3.87115	324
281	-1	8	2	0.00013454	0.0115991378989992	0.0115991	-3.87115	913
282	7	6	2	0.00013454	0.0115991378989992	0.0115991	-3.87115	599
283	7	8	3	0.00013452	0.0115982757339184	0.0115983	-3.87121	580
284	-1	8	2	0.00013452	0.0115982757339184	0.0115983	-3.87121	67
285	7	8	2	0.0001345	0.0115974135047432	0.0115974	-3.87128	388
286	-1	6	2	0.00013448	0.0115965512114594	0.0115966	-3.87134	905
287	-1	8	3	0.00013448	0.0115965512114594	0.0115966	-3.87134	341
288	-1	8	2	0.00013442	0.011593963946813	0.011594	-3.87154	222
289	-1	8	3	0.00013442	0.011593963946813	0.011594	-3.87154	701
290	2	8	3	0.00013442	0.011593963946813	0.011594	-3.87154	196
291	-1	6	2	0.0001344	0.0115931013969515	0.0115931	-3.8716	518
292	-1	8	2	0.00013436	0.0115913761046737	0.0115914	-3.87173	472
293	5	6	2	0.00013436	0.0115913761046737	0.0115914	-3.87173	14
294	-1	8	3	0.00013434	0.0115905133622286	0.0115905	-3.87179	249
295	-1	6	3	0.0001343	0.0115887876846545	0.0115888	-3.87192	347
296	5	8	3	0.00013428	0.0115879247494968	0.0115879	-3.87199	16
297	-1	8	3	0.00013426	0.0115870617500728	0.0115871	-3.87205	250
298	-1	8	2	0.00013424	0.0115861986863682	0.0115862	-3.87212	795
299	-1	6	2	0.00013424	0.0115861986863682	0.0115862	-3.87212	493
300	1	8	1	0.00013424	0.0115861986863682	0.0115862	-3.87212	157
301	8	8	3	0.00013422	0.0115853355583686	0.0115853	-3.87218	279
302	-1	6	2	0.00013422	0.0115853355583686	0.0115853	-3.87218	455
303	-1	8	3	0.00013422	0.0115853355583686	0.0115853	-3.87218	562
304	6	8	3	0.0001342	0.0115844723660597	0.0115845	-3.87225	286
305	4	4	2	0.00013416	0.0115827457884562	0.0115827	-3.87238	151
306	7	8	3	0.00013414	0.0115818824031329	0.0115819	-3.87244	598
307	6	6	2	0.00013412	0.0115810189534427	0.011581	-3.87251	492
308	-1	6	2	0.00013408	0.0115792918609041	0.0115793	-3.87264	842
309	2	8	3	0.00013406	0.0115784282180268	0.0115784	-3.8727	890
310	-1	8	3	0.00013404	0.011577564510725	0.0115776	-3.87277	429
311	-1	8	3	0.00013402	0.0115767007389843	0.0115767	-3.87283	614
312	-1	8	2	0.00013398	0.0115749730021283	0.011575	-3.87296	422
313	-1	8	3	0.00013396	0.0115741090369842	0.0115741	-3.87302	35
314	-1	8	3	0.00013394	0.0115732450073434	0.0115732	-3.87309	502
315	1	8	1	0.0001339	0.0115715167545141	0.0115715	-3.87322	130
316	7	8	2	0.00013388	0.0115706525312966	0.0115707	-3.87328	534
317	3	6	2	0.00013378	0.0115663304466023	0.0115663	-3.87361	833
318	6	8	3	0.0001337	0.0115628716156498	0.0115629	-3.87387	255
319	-1	6	2	0.0001337	0.0115628716156498	0.0115629	-3.87387	101
320	-1	8	3	0.0001337	0.0115628716156498	0.0115629	-3.87387	349
321	1	4	1	0.00013366	0.0115611418121222	0.0115611	-3.874	185
322	-1	8	2	0.00013366	0.0115611418121222	0.0115611	-3.874	219
323	-1	8	2	0.00013366	0.0115611418121222	0.0115611	-3.874	855
324	-1	8	3	0.0001336	0.0115585466214399	0.0115585	-3.87419	216
325	-1	8	3	0.0001336	0.0115585466214399	0.0115585	-3.87419	494
326	5	6	2	0.00013354	0.0115559508479398	0.011556	-3.87439	68
327	6	8	3	0.00013348	0.0115533544912289	0.0115534	-3.87458	899
328	-1	6	2	0.00013334	0.0115472940553188	0.0115473	-3.87504	473
329	8	8	3	0.00013328	0.0115446957517295	0.0115447	-3.87524	943
330	-1	8	3	0.00013326	0.0115438295205707	0.0115438	-3.8753	57
331	-1	8	2	0.00013324	0.0115429632244065	0.011543	-3.87537	400
332	2	8	3	0.00013322	0.011542096863222	0.0115421	-3.87543	633
333	8	8	3	0.00013322	0.011542096863222	0.0115421	-3.87543	937
334	3	8	2	0.0001332	0.0115412304370028	0.0115412	-3.8755	724
335	5	8	3	0.00013318	0.0115403639457341	0.0115404	-3.87556	335
336	6	8	3	0.00013318	0.0115403639457341	0.0115404	-3.87556	449
337	-1	8	3	0.00013316	0.0115394973894013	0.0115395	-3.87563	746
338	5	8	3	0.00013312	0.0115377640814848	0.0115378	-3.87576	640
339	6	8	3	0.00013308	0.0115360305131358	0.011536	-3.87589	883
340	-1	6	2	0.00013298	0.0115316954521007	0.0115317	-3.87621	808
341	-1	8	3	0.00013292	0.0115290936330659	0.0115291	-3.87641	424
342	-1	6	2	0.00013292	0.0115290936330659	0.0115291	-3.87641	662
343	1	4	1	0.00013288	0.0115273587607916	0.0115274	-3.87654	86
344	-1	6	3	0.00013274	0.0115212846505934	0.0115213	-3.877	305
345	8	8	3	0.00013268	0.0115186804799855	0.0115187	-3.87719	936
346	-1	6	2	0.00013264	0.0115169440391104	0.0115169	-3.87733	716
347	6	8	3	0.00013264	0.0115169440391104	0.0115169	-3.87733	627
348	-1	8	2	0.00013264	0.0115169440391104	0.0115169	-3.87733	703
349	-1	8	2	0.0001326	0.0115152073363878	0.0115152	-3.87746	921
350	-1	8	3	0.0001326	0.0115152073363878	0.0115152	-3.87746	591
351	6	8	4	0.0001326	0.0115152073363878	0.0115152	-3.87746	510
352	1	6	1	0.00013258	0.0115143388867968	0.0115143	-3.87752	78
353	-1	8	3	0.00013256	0.0115134703716994	0.0115135	-3.87759	197
354	-1	8	3	0.00013256	0.0115134703716994	0.0115135	-3.87759	282
355	-1	8	3	0.0001324	0.011506519890914	0.0115065	-3.87811	898
356	-1	6	2	0.00013234	0.0115039123779695	0.0115039	-3.87831	653
357	4	6	2	0.00013234	0.0115039123779695	0.0115039	-3.87831	79
358	6	8	4	0.0001323	0.0115021737076085	0.0115022	-3.87844	342
359	-1	6	3	0.0001322	0.0114978258814438	0.0114978	-3.87877	466
360	2	8	3	0.0001322	0.0114978258814438	0.0114978	-3.87877	700
361	4	6	3	0.00013216	0.0114960862905599	0.0114961	-3.8789	314
362	-1	8	3	0.00013212	0.0114943464364008	0.0114943	-3.87903	592
363	-1	8	2	0.00013208	0.0114926063188469	0.0114926	-3.87916	132
364	-1	8	2	0.00013202	0.0114899956483891	0.01149	-3.87936	934
365	-1	8	3	0.00013198	0.0114882548718245	0.0114883	-3.87949	240
366	-1	6	2	0.00013192	0.011485643212289	0.0114856	-3.87969	313
367	-1	8	3	0.0001319	0.0114847725271335	0.0114848	-3.87976	495
368	-1	6	2	0.00013188	0.0114839017759645	0.0114839	-3.87982	776
369	-1	8	2	0.0001318	0.0114804181108529	0.0114804	-3.88008	920
370	-1	8	3	0.00013176	0.0114786758818254	0.0114787	-3.88022	363
371	7	8	2	0.00013164	0.0114734476074108	0.0114734	-3.88061	393
372	-1	8	3	0.00013156	0.0114699607671517	0.01147	-3.88088	376
373	-1	8	3	0.00013154	0.0114690888914508	0.0114691	-3.88094	702
374	3	8	3	0.0001315	0.0114673449411797	0.0114673	-3.88107	944
375	1	8	1	0.00013144	0.0114647285183732	0.0114647	-3.88127	165
376	-1	6	2	0.00013142	0.0114638562447372	0.0114639	-3.88134	312
377	-1	8	3	0.00013134	0.0114603664862866	0.0114604	-3.8816	538
378	-1	8	3	0.0001313	0.011458621208505	0.0114586	-3.88174	648
379	-1	8	4	0.00013124	0.0114560027932957	0.011456	-3.88193	504
380	-1	8	3	0.00013118	0.0114533837794776	0.0114534	-3.88213	710
381	-1	6	2	0.00013116	0.0114525106417763	0.0114525	-3.8822	815
382	-1	8	3	0.0001311	0.0114498908291739	0.0114499	-3.8824	574
383	-1	8	3	0.000131	0.0114455231422596	0.0114455	-3.88273	371
384	-1	8	2	0.00013098	0.0114446494048529	0.0114446	-3.8828	417
385	-1	8	3	0.00013096	0.011443775600736	0.0114438	-3.88286	709
386	-1	8	3	0.00013082	0.0114376571027462	0.0114377	-3.88333	459
387	4	6	2	0.00013074	0.0114341593481987	0.0114342	-3.88359	107
388	4	6	2	0.00013062	0.0114289107092496	0.0114289	-3.88399	265
389	-1	8	3	0.00013048	0.0114227842490349	0.0114228	-3.88446	587
390	-1	8	3	0.00013032	0.0114157785542643	0.0114158	-3.88499	467
391	-1	8	3	0.0001303	0.0114149025401008	0.0114149	-3.88506	819
392	5	8	3	0.00013022	0.0114113978109608	0.0114114	-3.88532	61
393	-1	8	3	0.00013012	0.0114070153852794	0.011407	-3.88566	285
394	-1	8	3	0.00012984	0.0113947356265953	0.0113947	-3.88659	251
395	-1	8	3	0.00012984	0.0113947356265953	0.0113947	-3.88659	246
396	-1	6	2	0.00012974	0.0113903467901552	0.0113903	-3.88693	114
397	3	4	2	0.00012972	0.0113894688199231	0.0113895	-3.88699	177
398	-1	8	3	0.00012922	0.0113674975258409	0.0113675	-3.88867	237
399	8	8	3	0.00012914	0.0113639781766774	0.011364	-3.88894	9
400	2	8	3	0.00012828	0.0113260761078142	0.0113261	-3.89184	192
401	-1	8	3	0.00012818	0.0113216606555752	0.0113217	-3.89218	556
402	8	8	3	0.00012774	0.0113022121728447	0.0113022	-3.89367	242
403	1	4	1	0.00012752	0.0112924753707945	0.0112925	-3.89442	150
404	-1	8	3	0.00012624	0.0112356575241505	0.0112357	-3.8988	690
405	4	6	2	6.906e-05	0.00831023465372669	0.00831023	-4.16077	100
406	3	8	2	6.846e-05	0.00827405583737504	0.00827406	-4.16456	729
407	-1	6	2	6.806e-05	0.00824984848345714	0.00824985	-4.16711	805
408	7	8	3	6.77e-05	0.00822800097228969	0.008228	-4.16941	611
409	-1	8	2	6.756e-05	0.00821948903521381	0.00821949	-4.17031	225
410	5	8	3	6.748e-05	0.00821462111116514	0.00821462	-4.17082	62
411	-1	8	3	6.732e-05	0.00820487659870641	0.00820488	-4.17186	667
412	-1	6	2	6.722e-05	0.00819878039710785	0.00819878	-4.1725	463
413	-1	8	2	6.72e-05	0.00819756061276768	0.00819756	-4.17263	862
414	5	8	3	6.716e-05	0.00819512049941915	0.00819512	-4.17289	53
415	-1	6	2	6.71e-05	0.00819145896650896	0.00819146	-4.17328	698
416	6	8	3	6.706e-05	0.0081890170350293	0.00818902	-4.17354	258
417	8	8	3	6.692e-05	0.00818046453448702	0.00818046	-4.17444	693
418	2	8	3	6.692e-05	0.00818046453448702	0.00818046	-4.17444	699
419	1	4	1	6.678e-05	0.00817190308312574	0.0081719	-4.17535	77
420	3	8	2	6.678e-05	0.00817190308312574	0.0081719	-4.17535	730
421	-1	8	2	6.674e-05	0.00816945530620004	0.00816946	-4.17561	918
422	-1	8	2	6.668e-05	0.00816578226503744	0.00816578	-4.176	391
423	6	8	3	6.666e-05	0.00816455755078008	0.00816456	-4.17613	333
424	3	6	2	6.664e-05	0.00816333265278342	0.00816333	-4.17627	644
425	-1	8	3	6.66e-05	0.00816088230524127	0.00816088	-4.17653	362
426	3	8	2	6.648e-05	0.0081535268442558	0.00815353	-4.17731	737
427	8	8	3	6.646e-05	0.00815230028887553	0.0081523	-4.17744	8
428	-1	8	3	6.64e-05	0.00814861951498535	0.00814862	-4.17783	543
429	5	6	2	6.638e-05	0.00814739222082747	0.00814739	-4.17796	257
430	7	6	2	6.634e-05	0.0081449370777189	0.00814494	-4.17822	626
431	1	2	1	6.632e-05	0.00814370922860093	0.00814371	-4.17836	176
432	3	8	2	6.626e-05	0.00814002456998749	0.00814002	-4.17875	931
433	-1	8	2	6.626e-05	0.00814002456998749	0.00814002	-4.17875	858
434	-1	6	2	6.624e-05	0.00813879597975032	0.0081388	-4.17888	112
435	4	6	2	6.62e-05	0.0081363382427232	0.00813634	-4.17914	296
436	-1	6	2	6.614e-05	0.00813265024453898	0.00813265	-4.17954	778
437	-1	6	2	6.608e-05	0.00812896057316063	0.00812896	-4.17993	799
438	-1	6	2	6.604e-05	0.00812649986156402	0.0081265	-4.18019	794
439	-1	8	2	6.604e-05	0.00812649986156402	0.0081265	-4.18019	868
440	1	4	1	6.6e-05	0.00812403840463596	0.00812404	-4.18046	175
441	-1	6	2	6.6e-05	0.00812403840463596	0.00812404	-4.18046	490
442	8	8	3	6.598e-05	0.00812280739646091	0.00812281	-4.18059	54
443	-1	6	2	6.596e-05	0.00812157620169878	0.00812158	-4.18072	76
444	-1	8	3	6.586e-05	0.00811541742610939	0.00811542	-4.18138	353
445	2	8	2	6.58e-05	0.0081117199162693	0.00811172	-4.18177	697
446	-1	8	2	6.58e-05	0.0081117199162693	0.00811172	-4.18177	31
447	7	8	3	6.564e-05	0.00810185164021164	0.00810185	-4.18283	603
448	1	4	1	6.564e-05	0.00810185164021164	0.00810185	-4.18283	169
449	3	6	2	6.562e-05	0.00810061726043145	0.00810062	-4.18296	707
450	-1	8	3	6.56e-05	0.00809938269252663	0.00809938	-4.1831	646
451	-1	8	2	6.56e-05	0.00809938269252663	0.00809938	-4.1831	925
452	8	8	3	6.556e-05	0.00809691299199886	0.00809691	-4.18336	189
453	4	6	2	6.552e-05	0.00809444253793922	0.00809444	-4.18363	310
454	7	4	2	6.55e-05	0.00809320702811932	0.00809321	-4.18376	491
455	8	8	3	6.546e-05	0.00809073544246751	0.00809074	-4.18402	252
456	-1	8	2	6.538e-05	0.00808579000469342	0.00808579	-4.18456	238
457	-1	8	3	6.538e-05	0.00808579000469342	0.00808579	-4.18456	692
458	5	6	2	6.536e-05	0.0080845531725631	0.00808455	-4.18469	338
459	1	2	1	6.536e-05	0.0080845531725631	0.00808455	-4.18469	149
460	3	6	2	6.532e-05	0.0080820789404707	0.00808208	-4.18495	743
461	-1	8	2	6.532e-05	0.0080820789404707	0.00808208	-4.18495	499
462	2	8	2	6.53e-05	0.00808084154033477	0.00808084	-4.18509	445
463	-1	8	2	6.526e-05	0.00807836617144828	0.00807837	-4.18535	485
464	-1	6	2	6.522e-05	0.00807589004382799	0.00807589	-4.18562	484
465	2	8	3	6.518e-05	0.00807341315677576	0.00807341	-4.18589	571
466	-1	8	3	6.518e-05	0.00807341315677576	0.00807341	-4.18589	368
467	-1	8	3	6.516e-05	0.00807217442824423	0.00807217	-4.18602	547
468	4	6	2	6.516e-05	0.00807217442824423	0.00807217	-4.18602	295
469	4	4	2	6.516e-05	0.00807217442824423	0.00807217	-4.18602	311
470	7	8	3	6.51e-05	0.00806845710157772	0.00806846	-4.18642	605
471	4	8	2	6.508e-05	0.00806721761203948	0.00806722	-4.18655	288
472	-1	8	2	6.506e-05	0.00806597793203031	0.00806598	-4.18669	421
473	3	8	2	6.5e-05	0.00806225774829855	0.00806226	-4.18709	736
474	1	6	1	6.5e-05	0.00806225774829855	0.00806226	-4.18709	869
475	2	8	2	6.498e-05	0.00806101730552664	0.00806102	-4.18722	742
476	-1	8	2	6.498e-05	0.00806101730552664	0.00806102	-4.18722	477
477	-1	8	2	6.496e-05	0.00805977667184395	0.00805978	-4.18735	926
478	5	6	2	6.496e-05	0.00805977667184395	0.00805978	-4.18735	500
479	6	8	3	6.494e-05	0.00805853584716231	0.00805854	-4.18749	447
480	-1	8	2	6.494e-05	0.00805853584716231	0.00805854	-4.18749	919
481	2	8	2	6.492e-05	0.00805729483139347	0.00805729	-4.18762	193
482	2	6	2	6.488e-05	0.00805481222624091	0.00805481	-4.18789	301
483	2	8	3	6.484e-05	0.00805232885567896	0.00805233	-4.18816	589
484	2	8	2	6.482e-05	0.00805108688314814	0.00805109	-4.18829	751
485	5	6	2	6.48e-05	0.00804984471899924	0.00804984	-4.18842	752
486	5	6	3	6.476e-05	0.00804735981549228	0.00804736	-4.18869	374
487	-1	8	3	6.472e-05	0.00804487414444751	0.00804487	-4.18896	359
488	2	8	3	6.47e-05	0.00804363102087608	0.00804363	-4.1891	631
489	4	6	2	6.47e-05	0.00804363102087608	0.00804363	-4.1891	106
490	5	6	2	6.46e-05	0.00803741251896405	0.00803741	-4.18977	194
491	4	6	2	6.452e-05	0.00803243425120928	0.00803243	-4.19031	248
492	-1	8	3	6.45e-05	0.0080311892021045	0.00803119	-4.19044	684
493	3	8	3	6.45e-05	0.0080311892021045	0.00803119	-4.19044	553
494	-1	8	2	6.45e-05	0.0080311892021045	0.00803119	-4.19044	247
495	1	4	1	6.448e-05	0.00802994395995389	0.00802994	-4.19057	164
496	7	6	2	6.448e-05	0.00802994395995389	0.00802994	-4.19057	536
497	2	8	2	6.44e-05	0.00802496105909555	0.00802496	-4.19111	256
498	7	8	3	6.434e-05	0.00802122185206219	0.00802122	-4.19152	616
499	5	6	2	6.428e-05	0.00801748090113098	0.00801748	-4.19192	932
500	-1	8	3	6.428e-05	0.00801748090113098	0.00801748	-4.19192	373
501	1	6	1	6.426e-05	0.00801623352953243	0.00801623	-4.19206	851
502	7	8	3	6.426e-05	0.00801623352953243	0.00801623	-4.19206	610
503	5	6	2	6.422e-05	0.00801373820385967	0.00801374	-4.19233	32
504	5	6	2	6.418e-05	0.00801124210094789	0.00801124	-4.1926	617
505	-1	8	3	6.418e-05	0.00801124210094789	0.00801124	-4.1926	337
506	8	8	3	6.416e-05	0.00800999375780031	0.00800999	-4.19274	567
507	-1	8	3	6.416e-05	0.00800999375780031	0.00800999	-4.19274	676
508	2	8	3	6.414e-05	0.00800874522007037	0.00800875	-4.19287	643
509	-1	6	2	6.41e-05	0.00800624756049924	0.00800625	-4.19314	239
510	7	6	3	6.41e-05	0.00800624756049924	0.00800625	-4.19314	572
511	-1	8	3	6.408e-05	0.0080049984384758	0.008005	-4.19328	674
512	-1	6	2	6.406e-05	0.0080037491215055	0.00800375	-4.19341	941
513	2	8	3	6.404e-05	0.00800249960949702	0.0080025	-4.19355	625
514	2	8	3	6.402e-05	0.00800124990235901	0.00800125	-4.19368	888
515	8	8	3	6.402e-05	0.00800124990235901	0.00800125	-4.19368	441
516	-1	8	3	6.4e-05	0.008	0.008	-4.19382	377
517	4	8	2	6.396e-05	0.00799749960925288	0.0079975	-4.19409	233
518	3	6	2	6.392e-05	0.00799499843652267	0.007995	-4.19436	896
519	-1	4	2	6.392e-05	0.00799499843652267	0.007995	-4.19436	806
520	-1	6	2	6.39e-05	0.00799374755668454	0.00799375	-4.1945	446
521	6	8	3	6.388e-05	0.00799249648107524	0.0079925	-4.19464	317
522	6	8	3	6.382e-05	0.0079887420787005	0.00798874	-4.19504	195
523	6	8	4	6.378e-05	0.00798623816324056	0.00798624	-4.19532	369
524	7	6	2	6.372e-05	0.00798248081739004	0.00798248	-4.19572	590
525	7	4	2	6.372e-05	0.00798248081739004	0.00798248	-4.19572	464
526	-1	4	2	6.364e-05	0.00797746827007165	0.00797747	-4.19627	779
527	4	8	2	6.364e-05	0.00797746827007165	0.00797747	-4.19627	291
528	7	6	2	6.362e-05	0.00797621464104371	0.00797621	-4.19641	392
529	4	4	2	6.362e-05	0.00797621464104371	0.00797621	-4.19641	302
530	4	8	2	6.358e-05	0.00797370679169983	0.00797371	-4.19668	44
531	4	6	2	6.354e-05	0.00797119815335185	0.0079712	-4.19695	59
532	4	8	2	6.342e-05	0.00796366749682582	0.00796367	-4.19777	228
533	-1	8	2	6.342e-05	0.00796366749682582	0.00796367	-4.19777	427
534	-1	6	2	6.34e-05	0.00796241169495775	0.00796241	-4.19791	479
535	5	8	3	6.34e-05	0.00796241169495775	0.00796241	-4.19791	34
536	8	8	3	6.338e-05	0.00796115569499806	0.00796116	-4.19805	27
537	6	8	3	6.334e-05	0.00795864310042861	0.00795864	-4.19832	573
538	2	8	2	6.332e-05	0.00795738650563111	0.00795739	-4.19846	940
539	6	8	4	6.332e-05	0.00795738650563111	0.00795739	-4.19846	323
540	2	8	2	6.33e-05	0.00795612971236643	0.00795613	-4.1986	283
541	8	8	3	6.326e-05	0.00795361553005927	0.00795362	-4.19887	3
542	1	4	1	6.316e-05	0.00794732659452221	0.00794733	-4.19956	148
543	-1	6	2	6.316e-05	0.00794732659452221	0.00794733	-4.19956	887
544	-1	8	2	6.314e-05	0.00794606821012757	0.00794607	-4.1997	39
545	5	6	2	6.314e-05	0.00794606821012757	0.00794607	-4.1997	284
546	2	8	3	6.314e-05	0.00794606821012757	0.00794607	-4.1997	688
547	2	8	2	6.312e-05	0.00794480962641648	0.00794481	-4.19983	895
548	2	8	3	6.308e-05	0.00794229186066591	0.00794229	-4.20011	638
549	3	8	3	6.3e-05	0.00793725393319377	0.00793725	-4.20066	535
550	5	6	2	6.292e-05	0.00793221280602078	0.00793221	-4.20121	689
551	-1	8	2	6.272e-05	0.00791959594928933	0.0079196	-4.20259	850
552	7	6	2	6.272e-05	0.00791959594928933	0.0079196	-4.20259	428
553	-1	8	2	6.254e-05	0.00790822356790702	0.00790822	-4.20384	220
554	-1	8	3	6.246e-05	0.00790316392339169	0.00790316	-4.2044	340
555	-1	8	3	6.232e-05	0.00789430174239622	0.0078943	-4.20537	683
556	2	8	2	6.23e-05	0.00789303490426845	0.00789303	-4.20551	886
557	4	8	2	6.216e-05	0.00788416133777081	0.00788416	-4.20649	232
558	8	8	3	6.192e-05	0.0078689262291624	0.00786893	-4.20817	882
559	3	8	2	6.176e-05	0.0078587530817554	0.00785875	-4.20929	706
560	-1	8	3	6.168e-05	0.00785366156642875	0.00785366	-4.20986	639
561	7	6	2	6.166e-05	0.00785238817176023	0.00785239	-4.21	554
562	-1	8	2	6.14e-05	0.00783581520966389	0.00783582	-4.21183	58
563	5	8	3	6.138e-05	0.00783453891432036	0.00783454	-4.21197	48
564	5	6	2	6.138e-05	0.00783453891432036	0.00783454	-4.21197	221
565	1	4	1	6.136e-05	0.00783326241102645	0.00783326	-4.21211	113
566	-1	8	2	6.114e-05	0.00781920712092985	0.00781921	-4.21367	415
567	-1	8	3	2.16e-06	0.00146969384566991	0.00146969	-5.66555	720
568	-1	8	3	2.1e-06	0.00144913767461894	0.00144914	-5.67778	901
569	-1	8	2	2.08e-06	0.0014422205101856	0.00144222	-5.68194	902
570	-1	8	3	2.06e-06	0.00143527000944073	0.00143527	-5.68613	757
571	-1	8	3	2.04e-06	0.00142828568570857	0.00142829	-5.69037	426
572	-1	8	2	2e-06	0.0014142135623731	0.00141421	-5.69897	408
573	-1	8	2	1.96e-06	0.0014	0.0014	-5.70774	29
574	-1	8	2	1.96e-06	0.0014	0.0014	-5.70774	843
575	-1	8	3	1.96e-06	0.0014	0.0014	-5.70774	71
576	-1	8	2	1.96e-06	0.0014	0.0014	-5.70774	191
577	-1	8	3	1.96e-06	0.0014	0.0014	-5.70774	801
578	-1	6	2	1.96e-06	0.0014	0.0014	-5.70774	187
579	-1	8	2	1.92e-06	0.0013856406460551	0.00138564	-5.7167	597
580	-1	8	3	1.92e-06	0.0013856406460551	0.00138564	-5.7167	873
581	-1	8	2	1.92e-06	0.0013856406460551	0.00138564	-5.7167	864
582	-1	8	3	1.9e-06	0.00137840487520902	0.0013784	-5.72125	741
583	-1	8	3	1.9e-06	0.00137840487520902	0.0013784	-5.72125	350
584	-1	8	2	1.88e-06	0.00137113092008021	0.00137113	-5.72584	713
585	-1	8	3	1.88e-06	0.00137113092008021	0.00137113	-5.72584	774
586	-1	8	3	1.88e-06	0.00137113092008021	0.00137113	-5.72584	387
587	-1	8	3	1.86e-06	0.00136381816969859	0.00136382	-5.73049	528
588	-1	8	3	1.84e-06	0.00135646599662505	0.00135647	-5.73518	460
589	-1	8	3	1.82e-06	0.0013490737563232	0.00134907	-5.73993	750
590	-1	8	3	1.82e-06	0.0013490737563232	0.00134907	-5.73993	531
591	-1	8	3	1.82e-06	0.0013490737563232	0.00134907	-5.73993	434
592	-1	8	2	1.82e-06	0.0013490737563232	0.00134907	-5.73993	844
593	-1	8	3	1.82e-06	0.0013490737563232	0.00134907	-5.73993	412
594	-1	8	3	1.82e-06	0.0013490737563232	0.00134907	-5.73993	264
595	-1	8	3	1.82e-06	0.0013490737563232	0.00134907	-5.73993	396
596	-1	8	3	1.82e-06	0.0013490737563232	0.00134907	-5.73993	790
597	-1	8	2	1.8e-06	0.00134164078649987	0.00134164	-5.74473	398
598	-1	8	3	1.8e-06	0.00134164078649987	0.00134164	-5.74473	764
599	-1	6	2	1.8e-06	0.00134164078649987	0.00134164	-5.74473	125
600	-1	8	3	1.8e-06	0.00134164078649987	0.00134164	-5.74473	332
601	-1	8	3	1.8e-06	0.00134164078649987	0.00134164	-5.74473	812
602	-1	8	3	1.8e-06	0.00134164078649987	0.00134164	-5.74473	549
603	-1	8	3	1.8e-06	0.00134164078649987	0.00134164	-5.74473	656
604	-1	8	2	1.8e-06	0.00134164078649987	0.00134164	-5.74473	144
605	-1	8	2	1.8e-06	0.00134164078649987	0.00134164	-5.74473	582
606	-1	8	2	1.78e-06	0.00133416640641263	0.00133417	-5.74958	848
607	-1	8	3	1.78e-06	0.00133416640641263	0.00133417	-5.74958	939
608	-1	8	2	1.78e-06	0.00133416640641263	0.00133417	-5.74958	474
609	-1	8	3	1.78e-06	0.00133416640641263	0.00133417	-5.74958	326
610	-1	8	2	1.78e-06	0.00133416640641263	0.00133417	-5.74958	75
611	-1	8	3	1.78e-06	0.00133416640641263	0.00133417	-5.74958	827
612	-1	8	2	1.78e-06	0.00133416640641263	0.00133417	-5.74958	583
613	-1	8	2	1.78e-06	0.00133416640641263	0.00133417	-5.74958	771
614	-1	8	3	1.78e-06	0.00133416640641263	0.00133417	-5.74958	17
615	-1	8	2	1.78e-06	0.00133416640641263	0.00133417	-5.74958	215
616	-1	8	3	1.78e-06	0.00133416640641263	0.00133417	-5.74958	90
617	-1	8	3	1.78e-06	0.00133416640641263	0.00133417	-5.74958	594
618	-1	8	3	1.78e-06	0.00133416640641263	0.00133417	-5.74958	522
619	-1	8	2	1.76e-06	0.00132664991614216	0.00132665	-5.75449	514
620	-1	8	3	1.76e-06	0.00132664991614216	0.00132665	-5.75449	650
621	-1	8	2	1.76e-06	0.00132664991614216	0.00132665	-5.75449	872
622	-1	8	3	1.76e-06	0.00132664991614216	0.00132665	-5.75449	909
623	-1	6	2	1.76e-06	0.00132664991614216	0.00132665	-5.75449	307
624	-1	8	2	1.76e-06	0.00132664991614216	0.00132665	-5.75449	159
625	-1	8	3	1.76e-06	0.00132664991614216	0.00132665	-5.75449	721
626	-1	8	2	1.76e-06	0.00132664991614216	0.00132665	-5.75449	822
627	-1	8	3	1.76e-06	0.00132664991614216	0.00132665	-5.75449	550
628	-1	8	3	1.76e-06	0.00132664991614216	0.00132665	-5.75449	910
629	-1	8	3	1.76e-06	0.00132664991614216	0.00132665	-5.75449	442
630	-1	8	3	1.74e-06	0.00131909059582729	0.00131909	-5.75945	586
631	-1	8	2	1.74e-06	0.00131909059582729	0.00131909	-5.75945	56
632	-1	8	2	1.74e-06	0.00131909059582729	0.00131909	-5.75945	906
633	-1	8	3	1.74e-06	0.00131909059582729	0.00131909	-5.75945	802
634	-1	8	2	1.74e-06	0.00131909059582729	0.00131909	-5.75945	213
635	-1	8	2	1.74e-06	0.00131909059582729	0.00131909	-5.75945	133
636	-1	8	2	1.72e-06	0.0013114877048604	0.00131149	-5.76447	209
637	-1	8	3	1.72e-06	0.0013114877048604	0.00131149	-5.76447	487
638	-1	8	3	1.72e-06	0.0013114877048604	0.00131149	-5.76447	524
639	-1	8	2	1.72e-06	0.0013114877048604	0.00131149	-5.76447	273
640	-1	8	3	1.72e-06	0.0013114877048604	0.00131149	-5.76447	344
641	-1	6	2	1.72e-06	0.0013114877048604	0.00131149	-5.76447	88
642	-1	8	3	1.72e-06	0.0013114877048604	0.00131149	-5.76447	380
643	-1	8	3	1.72e-06	0.0013114877048604	0.00131149	-5.76447	686
644	-1	8	3	1.72e-06	0.0013114877048604	0.00131149	-5.76447	758
645	-1	8	3	1.72e-06	0.0013114877048604	0.00131149	-5.76447	719
646	-1	8	3	1.72e-06	0.0013114877048604	0.00131149	-5.76447	622
647	-1	8	3	1.7e-06	0.00130384048104053	0.00130384	-5.76955	704
648	-1	8	2	1.7e-06	0.00130384048104053	0.00130384	-5.76955	601
649	-1	8	3	1.7e-06	0.00130384048104053	0.00130384	-5.76955	439
650	-1	8	2	1.7e-06	0.00130384048104053	0.00130384	-5.76955	270
651	-1	8	3	1.7e-06	0.00130384048104053	0.00130384	-5.76955	775
652	-1	8	2	1.7e-06	0.00130384048104053	0.00130384	-5.76955	615
653	-1	8	2	1.7e-06	0.00130384048104053	0.00130384	-5.76955	847
654	-1	8	2	1.7e-06	0.00130384048104053	0.00130384	-5.76955	865
655	-1	8	3	1.7e-06	0.00130384048104053	0.00130384	-5.76955	782
656	-1	8	2	1.7e-06	0.00130384048104053	0.00130384	-5.76955	456
657	-1	6	2	1.68e-06	0.00129614813968157	0.00129615	-5.77469	87
658	-1	8	3	1.68e-06	0.00129614813968157	0.00129615	-5.77469	425
659	-1	8	3	1.68e-06	0.00129614813968157	0.00129615	-5.77469	334
660	-1	8	3	1.68e-06	0.00129614813968157	0.00129615	-5.77469	66
661	-1	8	3	1.68e-06	0.00129614813968157	0.00129615	-5.77469	432
662	-1	8	3	1.68e-06	0.00129614813968157	0.00129615	-5.77469	390
663	-1	8	3	1.68e-06	0.00129614813968157	0.00129615	-5.77469	530
664	-1	8	2	1.68e-06	0.00129614813968157	0.00129615	-5.77469	854
665	-1	8	3	1.68e-06	0.00129614813968157	0.00129615	-5.77469	596
666	-1	8	3	1.68e-06	0.00129614813968157	0.00129615	-5.77469	475
667	-1	8	3	1.68e-06	0.00129614813968157	0.00129615	-5.77469	551
668	-1	8	3	1.68e-06	0.00129614813968157	0.00129615	-5.77469	120
669	-1	8	3	1.66e-06	0.00128840987267251	0.00128841	-5.77989	217
670	-1	8	2	1.66e-06	0.00128840987267251	0.00128841	-5.77989	236
671	-1	6	2	1.66e-06	0.00128840987267251	0.00128841	-5.77989	276
672	-1	6	2	1.66e-06	0.00128840987267251	0.00128841	-5.77989	267
673	-1	8	2	1.66e-06	0.00128840987267251	0.00128841	-5.77989	24
674	-1	8	3	1.66e-06	0.00128840987267251	0.00128841	-5.77989	687
675	-1	8	2	1.66e-06	0.00128840987267251	0.00128841	-5.77989	160
676	-1	8	2	1.66e-06	0.00128840987267251	0.00128841	-5.77989	840
677	-1	8	2	1.66e-06	0.00128840987267251	0.00128841	-5.77989	717
678	-1	8	2	1.66e-06	0.00128840987267251	0.00128841	-5.77989	15
679	-1	8	3	1.66e-06	0.00128840987267251	0.00128841	-5.77989	711
680	-1	8	2	1.66e-06	0.00128840987267251	0.00128841	-5.77989	866
681	-1	8	3	1.66e-06	0.00128840987267251	0.00128841	-5.77989	765
682	-1	8	2	1.66e-06	0.00128840987267251	0.00128841	-5.77989	726
683	-1	8	2	1.66e-06	0.00128840987267251	0.00128841	-5.77989	64
684	-1	8	3	1.64e-06	0.00128062484748657	0.00128062	-5.78516	816
685	-1	6	2	1.64e-06	0.00128062484748657	0.00128062	-5.78516	74
686	-1	8	3	1.64e-06	0.00128062484748657	0.00128062	-5.78516	198
687	-1	8	2	1.64e-06	0.00128062484748657	0.00128062	-5.78516	10
688	-1	8	3	1.64e-06	0.00128062484748657	0.00128062	-5.78516	379
689	-1	8	3	1.64e-06	0.00128062484748657	0.00128062	-5.78516	712
690	-1	8	3	1.64e-06	0.00128062484748657	0.00128062	-5.78516	809
691	-1	6	2	1.64e-06	0.00128062484748657	0.00128062	-5.78516	83
692	-1	8	2	1.64e-06	0.00128062484748657	0.00128062	-5.78516	156
693	-1	8	3	1.64e-06	0.00128062484748657	0.00128062	-5.78516	695
694	-1	8	3	1.64e-06	0.00128062484748657	0.00128062	-5.78516	884
695	-1	8	2	1.64e-06	0.00128062484748657	0.00128062	-5.78516	846
696	-1	8	2	1.64e-06	0.00128062484748657	0.00128062	-5.78516	20
697	-1	8	3	1.62e-06	0.00127279220613579	0.00127279	-5.79048	470
698	-1	8	2	1.62e-06	0.00127279220613579	0.00127279	-5.79048	613
699	-1	6	2	1.62e-06	0.00127279220613579	0.00127279	-5.79048	272
700	-1	8	3	1.62e-06	0.00127279220613579	0.00127279	-5.79048	654
701	-1	8	3	1.62e-06	0.00127279220613579	0.00127279	-5.79048	718
702	-1	8	2	1.62e-06	0.00127279220613579	0.00127279	-5.79048	128
703	-1	8	2	1.62e-06	0.00127279220613579	0.00127279	-5.79048	826
704	-1	8	2	1.62e-06	0.00127279220613579	0.00127279	-5.79048	929
705	-1	8	3	1.62e-06	0.00127279220613579	0.00127279	-5.79048	498
706	-1	8	3	1.62e-06	0.00127279220613579	0.00127279	-5.79048	98
707	-1	6	2	1.6e-06	0.00126491106406735	0.00126491	-5.79588	269
708	-1	8	3	1.6e-06	0.00126491106406735	0.00126491	-5.79588	431
709	-1	8	2	1.6e-06	0.00126491106406735	0.00126491	-5.79588	91
710	-1	8	3	1.6e-06	0.00126491106406735	0.00126491	-5.79588	811
711	-1	8	3	1.6e-06	0.00126491106406735	0.00126491	-5.79588	564
712	-1	8	3	1.6e-06	0.00126491106406735	0.00126491	-5.79588	777
713	-1	8	3	1.6e-06	0.00126491106406735	0.00126491	-5.79588	468
714	-1	8	2	1.6e-06	0.00126491106406735	0.00126491	-5.79588	210
715	-1	6	2	1.6e-06	0.00126491106406735	0.00126491	-5.79588	188
716	-1	8	3	1.6e-06	0.00126491106406735	0.00126491	-5.79588	253
717	-1	6	2	1.6e-06	0.00126491106406735	0.00126491	-5.79588	179
718	-1	8	2	1.6e-06	0.00126491106406735	0.00126491	-5.79588	254
719	-1	8	3	1.6e-06	0.00126491106406735	0.00126491	-5.79588	457
720	-1	8	2	1.6e-06	0.00126491106406735	0.00126491	-5.79588	519
721	-1	6	3	1.6e-06	0.00126491106406735	0.00126491	-5.79588	298
722	-1	8	3	1.58e-06	0.00125698050899765	0.00125698	-5.80134	404
723	-1	8	3	1.58e-06	0.00125698050899765	0.00125698	-5.80134	201
724	-1	8	3	1.58e-06	0.00125698050899765	0.00125698	-5.80134	785
725	-1	8	2	1.58e-06	0.00125698050899765	0.00125698	-5.80134	660
726	-1	8	2	1.58e-06	0.00125698050899765	0.00125698	-5.80134	214
727	-1	8	2	1.58e-06	0.00125698050899765	0.00125698	-5.80134	723
728	-1	8	2	1.58e-06	0.00125698050899765	0.00125698	-5.80134	881
729	-1	8	3	1.58e-06	0.00125698050899765	0.00125698	-5.80134	525
730	-1	8	3	1.58e-06	0.00125698050899765	0.00125698	-5.80134	496
731	-1	8	3	1.58e-06	0.00125698050899765	0.00125698	-5.80134	772
732	-1	8	2	1.58e-06	0.00125698050899765	0.00125698	-5.80134	907
733	-1	8	3	1.58e-06	0.00125698050899765	0.00125698	-5.80134	345
734	-1	8	3	1.58e-06	0.00125698050899765	0.00125698	-5.80134	12
735	-1	8	3	1.58e-06	0.00125698050899765	0.00125698	-5.80134	235
736	-1	8	3	1.58e-06	0.00125698050899765	0.00125698	-5.80134	560
737	-1	8	3	1.56e-06	0.00124899959967968	0.001249	-5.80688	602
738	-1	8	3	1.56e-06	0.00124899959967968	0.001249	-5.80688	205
739	-1	8	2	1.56e-06	0.00124899959967968	0.001249	-5.80688	70
740	-1	8	3	1.56e-06	0.00124899959967968	0.001249	-5.80688	395
741	-1	8	3	1.56e-06	0.00124899959967968	0.001249	-5.80688	767
742	-1	8	3	1.56e-06	0.00124899959967968	0.001249	-5.80688	96
743	-1	8	3	1.56e-06	0.00124899959967968	0.001249	-5.80688	511
744	-1	6	2	1.56e-06	0.00124899959967968	0.001249	-5.80688	152
745	-1	8	3	1.56e-06	0.00124899959967968	0.001249	-5.80688	489
746	-1	8	3	1.56e-06	0.00124899959967968	0.001249	-5.80688	641
747	-1	6	2	1.56e-06	0.00124899959967968	0.001249	-5.80688	110
748	-1	8	3	1.56e-06	0.00124899959967968	0.001249	-5.80688	28
749	-1	8	2	1.56e-06	0.00124899959967968	0.001249	-5.80688	134
750	-1	6	2	1.56e-06	0.00124899959967968	0.001249	-5.80688	172
751	-1	8	3	1.56e-06	0.00124899959967968	0.001249	-5.80688	649
752	-1	8	2	1.54e-06	0.00124096736459909	0.00124097	-5.81248	766
753	-1	8	2	1.54e-06	0.00124096736459909	0.00124097	-5.81248	786
754	-1	6	3	1.54e-06	0.00124096736459909	0.00124097	-5.81248	268
755	-1	6	2	1.54e-06	0.00124096736459909	0.00124097	-5.81248	80
756	-1	8	2	1.54e-06	0.00124096736459909	0.00124097	-5.81248	26
757	-1	8	2	1.54e-06	0.00124096736459909	0.00124097	-5.81248	402
758	-1	8	3	1.54e-06	0.00124096736459909	0.00124097	-5.81248	440
759	-1	8	3	1.54e-06	0.00124096736459909	0.00124097	-5.81248	578
760	-1	8	2	1.54e-06	0.00124096736459909	0.00124097	-5.81248	218
761	-1	8	3	1.54e-06	0.00124096736459909	0.00124097	-5.81248	817
762	-1	8	3	1.54e-06	0.00124096736459909	0.00124097	-5.81248	917
763	-1	8	3	1.54e-06	0.00124096736459909	0.00124097	-5.81248	244
764	-1	8	3	1.52e-06	0.0012328828005938	0.00123288	-5.81816	386
765	-1	8	3	1.52e-06	0.0012328828005938	0.00123288	-5.81816	206
766	-1	8	3	1.52e-06	0.0012328828005938	0.00123288	-5.81816	520
767	-1	8	3	1.52e-06	0.0012328828005938	0.00123288	-5.81816	568
768	-1	8	3	1.52e-06	0.0012328828005938	0.00123288	-5.81816	557
769	-1	8	3	1.52e-06	0.0012328828005938	0.00123288	-5.81816	740
770	-1	8	2	1.52e-06	0.0012328828005938	0.00123288	-5.81816	663
771	-1	8	3	1.52e-06	0.0012328828005938	0.00123288	-5.81816	458
772	-1	8	3	1.52e-06	0.0012328828005938	0.00123288	-5.81816	476
773	-1	8	3	1.52e-06	0.0012328828005938	0.00123288	-5.81816	576
774	-1	8	3	1.52e-06	0.0012328828005938	0.00123288	-5.81816	705
775	-1	6	2	1.52e-06	0.0012328828005938	0.00123288	-5.81816	182
776	-1	8	3	1.52e-06	0.0012328828005938	0.00123288	-5.81816	880
777	-1	6	2	1.52e-06	0.0012328828005938	0.00123288	-5.81816	308
778	-1	8	3	1.52e-06	0.0012328828005938	0.00123288	-5.81816	403
779	-1	8	2	1.52e-06	0.0012328828005938	0.00123288	-5.81816	207
780	-1	8	3	1.52e-06	0.0012328828005938	0.00123288	-5.81816	566
781	-1	8	2	1.52e-06	0.0012328828005938	0.00123288	-5.81816	916
782	-1	8	3	1.5e-06	0.00122474487139159	0.00122474	-5.82391	462
783	-1	8	2	1.5e-06	0.00122474487139159	0.00122474	-5.82391	111
784	-1	8	2	1.5e-06	0.00122474487139159	0.00122474	-5.82391	180
785	-1	8	2	1.5e-06	0.00122474487139159	0.00122474	-5.82391	577
786	-1	8	3	1.5e-06	0.00122474487139159	0.00122474	-5.82391	348
787	-1	8	3	1.5e-06	0.00122474487139159	0.00122474	-5.82391	665
788	-1	8	3	1.5e-06	0.00122474487139159	0.00122474	-5.82391	389
789	-1	8	3	1.5e-06	0.00122474487139159	0.00122474	-5.82391	558
790	-1	8	2	1.5e-06	0.00122474487139159	0.00122474	-5.82391	411
791	-1	8	2	1.5e-06	0.00122474487139159	0.00122474	-5.82391	245
792	-1	8	3	1.5e-06	0.00122474487139159	0.00122474	-5.82391	908
793	-1	8	2	1.5e-06	0.00122474487139159	0.00122474	-5.82391	174
794	-1	8	3	1.5e-06	0.00122474487139159	0.00122474	-5.82391	727
795	-1	8	2	1.5e-06	0.00122474487139159	0.00122474	-5.82391	108
796	-1	8	3	1.48e-06	0.00121655250605964	0.00121655	-5.82974	539
797	-1	8	3	1.48e-06	0.00121655250605964	0.00121655	-5.82974	624
798	-1	8	3	1.48e-06	0.00121655250605964	0.00121655	-5.82974	261
799	-1	8	3	1.48e-06	0.00121655250605964	0.00121655	-5.82974	642
800	-1	8	3	1.48e-06	0.00121655250605964	0.00121655	-5.82974	397
801	-1	8	3	1.48e-06	0.00121655250605964	0.00121655	-5.82974	561
802	-1	8	3	1.48e-06	0.00121655250605964	0.00121655	-5.82974	280
803	-1	8	2	1.48e-06	0.00121655250605964	0.00121655	-5.82974	183
804	-1	8	2	1.48e-06	0.00121655250605964	0.00121655	-5.82974	161
805	-1	8	3	1.48e-06	0.00121655250605964	0.00121655	-5.82974	423
806	-1	8	3	1.48e-06	0.00121655250605964	0.00121655	-5.82974	532
807	-1	8	3	1.46e-06	0.00120830459735946	0.0012083	-5.83565	533
808	-1	8	3	1.46e-06	0.00120830459735946	0.0012083	-5.83565	452
809	-1	8	2	1.46e-06	0.00120830459735946	0.0012083	-5.83565	97
810	-1	6	2	1.46e-06	0.00120830459735946	0.0012083	-5.83565	277
811	-1	8	3	1.46e-06	0.00120830459735946	0.0012083	-5.83565	696
812	-1	8	3	1.46e-06	0.00120830459735946	0.0012083	-5.83565	506
813	-1	8	3	1.46e-06	0.00120830459735946	0.0012083	-5.83565	874
814	-1	8	3	1.46e-06	0.00120830459735946	0.0012083	-5.83565	385
815	-1	8	3	1.46e-06	0.00120830459735946	0.0012083	-5.83565	588
816	-1	8	3	1.46e-06	0.00120830459735946	0.0012083	-5.83565	529
817	-1	8	2	1.46e-06	0.00120830459735946	0.0012083	-5.83565	915
818	-1	8	2	1.46e-06	0.00120830459735946	0.0012083	-5.83565	876
819	-1	8	2	1.44e-06	0.0012	0.0012	-5.84164	912
820	-1	8	3	1.44e-06	0.0012	0.0012	-5.84164	512
821	-1	8	3	1.44e-06	0.0012	0.0012	-5.84164	330
822	-1	8	2	1.44e-06	0.0012	0.0012	-5.84164	155
823	-1	8	3	1.44e-06	0.0012	0.0012	-5.84164	749
824	-1	8	3	1.44e-06	0.0012	0.0012	-5.84164	829
825	-1	8	2	1.44e-06	0.0012	0.0012	-5.84164	171
826	-1	6	2	1.44e-06	0.0012	0.0012	-5.84164	116
827	-1	8	2	1.44e-06	0.0012	0.0012	-5.84164	129
828	-1	8	2	1.44e-06	0.0012	0.0012	-5.84164	199
829	-1	8	3	1.44e-06	0.0012	0.0012	-5.84164	190
830	-1	8	3	1.44e-06	0.0012	0.0012	-5.84164	117
831	-1	6	2	1.44e-06	0.0012	0.0012	-5.84164	137
832	-1	6	2	1.44e-06	0.0012	0.0012	-5.84164	141
833	-1	8	3	1.42e-06	0.0011916375287813	0.00119164	-5.84771	894
834	-1	8	3	1.42e-06	0.0011916375287813	0.00119164	-5.84771	836
835	-1	6	2	1.42e-06	0.0011916375287813	0.00119164	-5.84771	136
836	-1	8	3	1.42e-06	0.0011916375287813	0.00119164	-5.84771	728
837	-1	8	3	1.42e-06	0.0011916375287813	0.00119164	-5.84771	372
838	-1	6	2	1.4e-06	0.00118321595661992	0.00118322	-5.85387	118
839	-1	8	2	1.4e-06	0.00118321595661992	0.00118322	-5.85387	281
840	-1	6	2	1.4e-06	0.00118321595661992	0.00118322	-5.85387	299
841	-1	6	2	1.4e-06	0.00118321595661992	0.00118322	-5.85387	278
842	-1	8	3	1.4e-06	0.00118321595661992	0.00118322	-5.85387	565
843	-1	8	2	1.4e-06	0.00118321595661992	0.00118322	-5.85387	153
844	-1	8	3	1.4e-06	0.00118321595661992	0.00118322	-5.85387	450
845	-1	8	3	1.4e-06	0.00118321595661992	0.00118322	-5.85387	885
846	-1	6	2	1.4e-06	0.00118321595661992	0.00118322	-5.85387	262
847	-1	8	3	1.4e-06	0.00118321595661992	0.00118322	-5.85387	584
848	-1	8	2	1.38e-06	0.00117473401244707	0.00117473	-5.86012	204
849	-1	8	3	1.38e-06	0.00117473401244707	0.00117473	-5.86012	55
850	-1	8	3	1.38e-06	0.00117473401244707	0.00117473	-5.86012	336
851	-1	8	3	1.38e-06	0.00117473401244707	0.00117473	-5.86012	658
852	-1	8	3	1.38e-06	0.00117473401244707	0.00117473	-5.86012	893
853	-1	8	3	1.38e-06	0.00117473401244707	0.00117473	-5.86012	516
854	-1	8	3	1.38e-06	0.00117473401244707	0.00117473	-5.86012	810
855	-1	6	2	1.36e-06	0.00116619037896906	0.00116619	-5.86646	82
856	-1	8	3	1.36e-06	0.00116619037896906	0.00116619	-5.86646	444
857	-1	8	3	1.36e-06	0.00116619037896906	0.00116619	-5.86646	828
858	-1	8	3	1.36e-06	0.00116619037896906	0.00116619	-5.86646	370
859	-1	8	3	1.36e-06	0.00116619037896906	0.00116619	-5.86646	879
860	-1	8	2	1.36e-06	0.00116619037896906	0.00116619	-5.86646	789
861	-1	8	2	1.36e-06	0.00116619037896906	0.00116619	-5.86646	147
862	-1	8	3	1.36e-06	0.00116619037896906	0.00116619	-5.86646	93
863	-1	8	2	1.36e-06	0.00116619037896906	0.00116619	-5.86646	72
864	-1	8	3	1.34e-06	0.00115758369027902	0.00115758	-5.8729	406
865	-1	8	3	1.34e-06	0.00115758369027902	0.00115758	-5.8729	325
866	-1	8	3	1.34e-06	0.00115758369027902	0.00115758	-5.8729	570
867	-1	8	2	1.34e-06	0.00115758369027902	0.00115758	-5.8729	21
868	-1	8	3	1.34e-06	0.00115758369027902	0.00115758	-5.8729	834
869	-1	8	2	1.34e-06	0.00115758369027902	0.00115758	-5.8729	471
870	-1	8	3	1.32e-06	0.00114891252930761	0.00114891	-5.87943	433
871	-1	6	2	1.32e-06	0.00114891252930761	0.00114891	-5.87943	145
872	-1	8	2	1.32e-06	0.00114891252930761	0.00114891	-5.87943	600
873	-1	8	3	1.32e-06	0.00114891252930761	0.00114891	-5.87943	820
874	-1	8	3	1.32e-06	0.00114891252930761	0.00114891	-5.87943	804
875	-1	8	3	1.32e-06	0.00114891252930761	0.00114891	-5.87943	773
876	-1	8	3	1.32e-06	0.00114891252930761	0.00114891	-5.87943	900
877	-1	6	2	1.32e-06	0.00114891252930761	0.00114891	-5.87943	142
878	-1	8	3	1.32e-06	0.00114891252930761	0.00114891	-5.87943	507
879	-1	8	2	1.3e-06	0.00114017542509914	0.00114018	-5.88606	835
880	-1	8	2	1.28e-06	0.00113137084989848	0.00113137	-5.89279	839
881	-1	6	3	1.28e-06	0.00113137084989848	0.00113137	-5.89279	123
882	-1	8	3	1.28e-06	0.00113137084989848	0.00113137	-5.89279	763
883	-1	8	3	1.28e-06	0.00113137084989848	0.00113137	-5.89279	818
884	-1	8	2	1.26e-06	0.00112249721603218	0.0011225	-5.89963	831
885	-1	8	3	1.24e-06	0.001113552872566	0.00111355	-5.90658	938
886	-1	8	2	1.24e-06	0.001113552872566	0.00111355	-5.90658	451
887	-1	8	2	1.22e-06	0.00110453610171873	0.00110454	-5.91364	930
888	-1	6	3	1.2e-06	0.00109544511501033	0.00109545	-5.92082	124
889	-1	8	3	1.18e-06	0.00108627804912002	0.00108628	-5.92812	438
890	-1	6	2	1.16e-06	0.0010770329614269	0.00107703	-5.93554	186
891	-1	8	3	5.8e-07	0.000761577310586391	0.000761577	-6.23657	513
892	-1	8	2	5.2e-07	0.000721110255092798	0.00072111	-6.284	11
893	-1	8	2	5.2e-07	0.000721110255092798	0.00072111	-6.284	127
894	-1	8	3	5e-07	0.000707106781186548	0.000707107	-6.30103	659
895	-1	8	3	5e-07	0.000707106781186548	0.000707107	-6.30103	523
896	-1	6	2	4.8e-07	0.000692820323027551	0.00069282	-6.31876	89
897	-1	8	3	4.8e-07	0.000692820323027551	0.00069282	-6.31876	714
898	-1	8	2	4.6e-07	0.000678232998312527	0.000678233	-6.33724	65
899	-1	8	3	4.6e-07	0.000678232998312527	0.000678233	-6.33724	784
900	-1	6	2	4.6e-07	0.000678232998312527	0.000678233	-6.33724	271
901	-1	8	2	4.6e-07	0.000678232998312527	0.000678233	-6.33724	84
902	-1	8	3	4.4e-07	0.00066332495807108	0.000663325	-6.35655	722
903	-1	8	3	4.4e-07	0.00066332495807108	0.000663325	-6.35655	759
904	-1	8	3	4.4e-07	0.00066332495807108	0.000663325	-6.35655	515
905	-1	8	2	4.2e-07	0.000648074069840786	0.000648074	-6.37675	200
906	-1	8	3	4.2e-07	0.000648074069840786	0.000648074	-6.37675	453
907	-1	8	3	4e-07	0.000632455532033676	0.000632456	-6.39794	469
908	-1	8	3	4e-07	0.000632455532033676	0.000632456	-6.39794	768
909	-1	8	2	4e-07	0.000632455532033676	0.000632456	-6.39794	135
910	-1	8	3	4e-07	0.000632455532033676	0.000632456	-6.39794	343
911	-1	8	3	3.8e-07	0.000616441400296898	0.000616441	-6.42022	505
912	-1	8	3	3.8e-07	0.000616441400296898	0.000616441	-6.42022	875
913	-1	8	2	3.8e-07	0.000616441400296898	0.000616441	-6.42022	208
914	-1	8	3	3.8e-07	0.000616441400296898	0.000616441	-6.42022	327
915	-1	8	2	3.6e-07	0.0006	0.0006	-6.4437	92
916	-1	8	3	3.6e-07	0.0006	0.0006	-6.4437	405
917	-1	8	3	3.6e-07	0.0006	0.0006	-6.4437	837
918	-1	8	3	3.6e-07	0.0006	0.0006	-6.4437	830
919	-1	8	2	3.6e-07	0.0006	0.0006	-6.4437	19
920	-1	8	2	3.4e-07	0.00058309518948453	0.000583095	-6.46852	81
921	-1	8	2	3.4e-07	0.00058309518948453	0.000583095	-6.46852	154
922	-1	8	3	3.4e-07	0.00058309518948453	0.000583095	-6.46852	413
923	-1	8	3	3.2e-07	0.000565685424949238	0.000565685	-6.49485	399
924	-1	8	2	3.2e-07	0.000565685424949238	0.000565685	-6.49485	903
925	-1	8	3	3.2e-07	0.000565685424949238	0.000565685	-6.49485	783
926	-1	6	2	3.2e-07	0.000565685424949238	0.000565685	-6.49485	181
927	-1	6	2	3.2e-07	0.000565685424949238	0.000565685	-6.49485	143
928	-1	8	3	3.2e-07	0.000565685424949238	0.000565685	-6.49485	407
929	-1	6	2	3.2e-07	0.000565685424949238	0.000565685	-6.49485	119
930	-1	8	2	3e-07	0.000547722557505166	0.000547723	-6.52288	595
931	-1	8	3	3e-07	0.000547722557505166	0.000547723	-6.52288	791
932	-1	8	3	3e-07	0.000547722557505166	0.000547723	-6.52288	838
933	-1	8	3	3e-07	0.000547722557505166	0.000547723	-6.52288	521
934	-1	8	2	3e-07	0.000547722557505166	0.000547723	-6.52288	138
935	-1	8	3	3e-07	0.000547722557505166	0.000547723	-6.52288	821
936	-1	8	2	3e-07	0.000547722557505166	0.000547723	-6.52288	911
937	-1	8	2	2.8e-07	0.000529150262212918	0.00052915	-6.55284	579
938	-1	8	3	2.6e-07	0.000509901951359278	0.000509902	-6.58503	845
939	-1	8	3	2.6e-07	0.000509901951359278	0.000509902	-6.58503	381
940	-1	8	3	2.6e-07	0.000509901951359278	0.000509902	-6.58503	559
941	-1	8	3	2.4e-07	0.000489897948556636	0.000489898	-6.61979	435
942	-1	6	2	2.4e-07	0.000489897948556636	0.000489898	-6.61979	263
943	-1	8	3	2e-07	0.000447213595499958	0.000447214	-6.69897	813
944	-1	8	3	2e-07	0.000447213595499958	0.000447214	-6.69897	651
