ID	cluster	dist_rf	dist_spr	PP	sqrt(PP)	sqrt_size	log_size	uniq_id
0	1	0	0	0.00724794	0.0851348342337025	0.0851348	-2.13979	352
1	2	6	3	0.00724518	0.0851186231091645	0.0851186	-2.13995	638
2	3	6	2	0.00724352	0.0851088714529807	0.0851089	-2.14005	482
3	4	4	2	0.00724346	0.0851085189625574	0.0851085	-2.14005	43
4	3	8	2	0.00724282	0.085104758973867	0.0851048	-2.14009	419
5	1	4	1	0.0072338	0.0850517489532108	0.0850517	-2.14063	321
6	5	8	2	0.00723324	0.0850484567761226	0.0850485	-2.14067	230
7	4	6	3	0.00723108	0.0850357571848455	0.0850358	-2.1408	106
8	2	6	2	0.00723072	0.0850336404019021	0.0850336	-2.14082	680
9	6	6	3	0.00723046	0.085032111581449	0.0850321	-2.14083	862
10	1	4	1	0.00722934	0.0850255255790871	0.0850255	-2.1409	322
11	7	8	3	0.00722798	0.0850175276046063	0.0850175	-2.14098	105
12	4	6	3	0.0072271	0.0850123520436883	0.0850124	-2.14104	169
13	3	8	3	0.0072257	0.0850041175473283	0.0850041	-2.14112	797
14	2	6	2	0.00722086	0.0849756435692016	0.0849756	-2.14141	637
15	4	6	2	0.00722074	0.0849749374815892	0.0849749	-2.14142	42
16	8	8	2	0.00721874	0.0849631684908231	0.0849632	-2.14154	924
17	1	2	1	0.00721626	0.0849485726778267	0.0849486	-2.14169	37
18	3	8	3	0.00721552	0.0849442169897398	0.0849442	-2.14173	167
19	-1	6	2	0.00721484	0.0849402142686254	0.0849402	-2.14177	7
20	4	6	2	0.00721468	0.0849392724244798	0.0849393	-2.14178	232
21	7	8	3	0.00721142	0.0849200800753273	0.0849201	-2.14198	798
22	6	6	2	0.00721014	0.0849125432430333	0.0849125	-2.14206	421
23	4	4	2	0.007209	0.0849058301885094	0.0849058	-2.14212	44
24	6	6	3	0.0072088	0.0849046524049183	0.0849047	-2.14214	799
25	1	4	1	0.0072083	0.0849017078744592	0.0849017	-2.14217	356
26	1	2	1	0.0072081	0.0849005300336812	0.0849005	-2.14218	361
27	6	6	2	0.00720658	0.0848915779097079	0.0848916	-2.14227	547
28	6	8	3	0.0072062	0.0848893397312054	0.0848893	-2.14229	861
29	3	8	3	0.00720558	0.0848856878395881	0.0848857	-2.14233	104
30	4	6	2	0.00720526	0.0848838029308301	0.0848838	-2.14235	736
31	8	6	2	0.00720232	0.0848664833724127	0.0848665	-2.14253	672
32	4	6	2	0.0072009	0.0848581168775268	0.0848581	-2.14261	6
33	3	6	2	0.00719916	0.0848478638505413	0.0848479	-2.14272	608
34	4	4	2	0.0071989	0.0848463316826367	0.0848463	-2.14273	673
35	2	4	2	0.00719824	0.0848424422090736	0.0848424	-2.14277	631
36	3	6	2	0.0071979	0.0848404384712856	0.0848404	-2.14279	41
37	3	8	2	0.00719712	0.0848358414822415	0.0848358	-2.14284	923
38	2	6	2	0.00719602	0.0848293581255923	0.0848294	-2.14291	671
39	-1	4	2	0.0071954	0.0848257036516644	0.0848257	-2.14295	676
40	-1	8	2	0.00719534	0.0848253499845418	0.0848253	-2.14295	734
41	-1	4	2	0.00719474	0.0848218132322105	0.0848218	-2.14298	320
42	3	8	3	0.0071945	0.0848203984899859	0.0848204	-2.143	860
43	1	2	1	0.00719228	0.0848073110055967	0.0848073	-2.14313	359
44	7	8	3	0.00719216	0.0848066035164715	0.0848066	-2.14314	168
45	7	8	2	0.00719164	0.0848035376620575	0.0848035	-2.14317	294
46	7	8	2	0.0071913	0.0848015330050112	0.0848015	-2.14319	735
47	2	6	3	0.00718798	0.0847819556273621	0.084782	-2.14339	683
48	4	4	2	0.00718518	0.084765441071229	0.0847654	-2.14356	1
49	2	4	2	0.00718432	0.0847603680973602	0.0847604	-2.14361	323
50	3	4	2	0.00718302	0.084752699072065	0.0847527	-2.14369	484
51	4	6	2	0.00718266	0.0847505752192869	0.0847506	-2.14371	925
52	1	2	1	0.00718214	0.0847475073379743	0.0847475	-2.14375	316
53	3	6	2	0.00718096	0.0847405451953196	0.0847405	-2.14382	483
54	4	6	3	0.00717884	0.0847280355018337	0.084728	-2.14395	5
55	4	4	2	0.0071782	0.0847242586276209	0.0847243	-2.14398	610
56	3	8	2	0.00717776	0.0847216619289305	0.0847217	-2.14401	293
57	-1	4	2	0.0071754	0.0847077328229247	0.0847077	-2.14415	368
58	1	2	1	0.0071747	0.0847036008679678	0.0847036	-2.1442	667
59	5	8	2	0.00717256	0.0846909676411836	0.084691	-2.14433	231
60	7	8	2	0.00717174	0.0846861263726238	0.0846861	-2.14438	420
61	3	8	2	0.00716914	0.0846707741785795	0.0846708	-2.14453	545
62	-1	6	3	0.00716714	0.0846589629041131	0.084659	-2.14465	53
63	2	6	2	0.0071669	0.084657545440439	0.0846575	-2.14467	682
64	2	4	2	0.00716438	0.084642660638711	0.0846427	-2.14482	674
65	7	8	2	0.00716364	0.084638289207663	0.0846383	-2.14487	546
66	4	6	2	0.00716362	0.0846381710577444	0.0846382	-2.14487	295
67	1	4	1	0.00716296	0.0846342720179006	0.0846343	-2.14491	357
68	2	6	3	0.00715968	0.0846148923062601	0.0846149	-2.14511	681
69	1	2	1	0.0071517	0.0845677243397267	0.0845677	-2.14559	358
70	4	4	2	0.00715168	0.0845676060912215	0.0845676	-2.14559	46
71	4	6	2	0.00714666	0.0845379204854248	0.0845379	-2.1459	50
72	4	6	3	0.0071458	0.0845328338576201	0.0845328	-2.14595	51
73	-1	4	2	0.00714172	0.0845086977772111	0.0845087	-2.1462	366
74	1	4	1	0.00713898	0.0844924848729164	0.0844925	-2.14636	365
75	2	6	2	0.0071359	0.0844742564335431	0.0844743	-2.14655	636
76	1	4	1	0.0071324	0.0844535375221192	0.0844535	-2.14676	367
77	2	6	3	0.0071315	0.0844482089804159	0.0844482	-2.14682	635
78	7	6	2	0.00712794	0.0844271283415467	0.0844271	-2.14704	609
79	2	6	3	0.00712378	0.0844024881149839	0.0844025	-2.14729	8
80	-1	6	2	0.00710382	0.0842841622133127	0.0842842	-2.14851	52
81	6	8	3	0.00063424	0.0251841219819155	0.0251841	-3.19775	789
82	-1	8	3	0.0006291	0.0250818659592942	0.0250819	-3.20128	70
83	6	8	3	0.0006288	0.025075884829852	0.0250759	-3.20149	726
84	3	8	3	0.00062812	0.0250623223185722	0.0250623	-3.20196	868
85	7	6	2	0.00062792	0.0250583319476776	0.0250583	-3.2021	102
86	8	8	3	0.00062768	0.0250535426636634	0.0250535	-3.20226	935
87	2	8	3	0.0006275	0.0250499500997507	0.02505	-3.20239	198
88	7	8	3	0.00062716	0.0250431627395583	0.0250432	-3.20262	535
89	-1	8	3	0.00062704	0.0250407667614233	0.0250408	-3.2027	754
90	-1	6	2	0.00062654	0.0250307810505386	0.0250308	-3.20305	417
91	-1	6	2	0.0006263	0.0250259864940425	0.025026	-3.20322	937
92	6	6	2	0.00062624	0.0250247877113873	0.0250248	-3.20326	864
93	6	6	2	0.0006261	0.025021990328509	0.025022	-3.20336	733
94	2	8	3	0.00062604	0.0250207913543917	0.0250208	-3.2034	665
95	8	8	3	0.00062576	0.0250151953820073	0.0250152	-3.20359	850
96	1	4	1	0.00062544	0.0250087984517449	0.0250088	-3.20381	415
97	4	6	2	0.00062536	0.0250071989634985	0.0250072	-3.20387	39
98	3	6	2	0.00062528	0.0250055993729405	0.0250056	-3.20393	489
99	5	8	3	0.00062526	0.0250051994593125	0.0250052	-3.20394	159
100	5	8	3	0.00062524	0.0250047995392885	0.0250048	-3.20395	430
101	-1	4	2	0.00062484	0.0249967997951738	0.0249968	-3.20423	793
102	7	8	3	0.00062472	0.0249943993726595	0.0249944	-3.20431	15
103	-1	8	3	0.00062472	0.0249943993726595	0.0249944	-3.20431	437
104	5	8	2	0.00062466	0.0249931990749484	0.0249932	-3.20436	241
105	-1	8	2	0.00062466	0.0249931990749484	0.0249932	-3.20436	929
106	4	8	2	0.00062434	0.0249867965133588	0.0249868	-3.20458	315
107	3	6	2	0.00062434	0.0249867965133588	0.0249868	-3.20458	628
108	7	8	3	0.0006243	0.0249859960778033	0.024986	-3.20461	86
109	-1	6	2	0.00062428	0.0249855958504095	0.0249856	-3.20462	820
110	4	8	2	0.00062414	0.0249827940791257	0.0249828	-3.20472	305
111	1	4	1	0.0006241	0.0249819935153302	0.024982	-3.20475	541
112	-1	8	3	0.00062404	0.0249807926215322	0.0249808	-3.20479	116
113	1	6	1	0.00062372	0.024974386879361	0.0249744	-3.20501	235
114	1	6	1	0.0006237	0.0249739864659209	0.024974	-3.20502	505
115	-1	6	2	0.00062364	0.0249727851870792	0.0249728	-3.20507	372
116	-1	8	2	0.0006231	0.0249619710760188	0.024962	-3.20544	891
117	-1	6	2	0.00062298	0.0249595673039418	0.0249596	-3.20553	462
118	-1	8	3	0.00062294	0.0249587659951369	0.0249588	-3.20555	47
119	-1	8	3	0.00062294	0.0249587659951369	0.0249588	-3.20555	24
120	4	6	2	0.00062286	0.0249571633003433	0.0249572	-3.20561	467
121	-1	8	2	0.00062282	0.0249563619143496	0.0249564	-3.20564	313
122	7	8	3	0.00062278	0.0249555605026215	0.0249556	-3.20567	79
123	7	6	2	0.00062262	0.024952354598314	0.0249524	-3.20578	108
124	-1	8	3	0.00062262	0.024952354598314	0.0249524	-3.20578	185
125	5	8	3	0.00062252	0.0249503506989381	0.0249504	-3.20585	158
126	4	4	2	0.00062244	0.0249487474635501	0.0249487	-3.2059	163
127	-1	8	3	0.00062242	0.0249483466386051	0.0249483	-3.20592	26
128	-1	6	2	0.00062236	0.0249471441251298	0.0249471	-3.20596	444
129	3	8	3	0.00062232	0.0249463424172763	0.0249463	-3.20599	871
130	2	8	3	0.0006223	0.0249459415536876	0.0249459	-3.206	695
131	3	8	3	0.0006222	0.0249439371391126	0.0249439	-3.20607	402
132	-1	8	3	0.00062216	0.024943135328182	0.0249431	-3.2061	174
133	8	8	3	0.00062212	0.0249423334914759	0.0249423	-3.20613	905
134	-1	8	3	0.00062208	0.0249415316289918	0.0249415	-3.20615	131
135	-1	8	2	0.00062204	0.0249407297407273	0.0249407	-3.20618	348
136	-1	8	2	0.00062202	0.0249403287869266	0.0249403	-3.2062	260
137	-1	8	2	0.00062196	0.024939125886847	0.0249391	-3.20624	511
138	-1	8	3	0.00062194	0.0249387249072602	0.0249387	-3.20625	178
139	3	8	3	0.0006219	0.0249379229287445	0.0249379	-3.20628	527
140	-1	8	3	0.0006219	0.0249379229287445	0.0249379	-3.20628	2
141	-1	8	3	0.00062182	0.0249363188943356	0.0249363	-3.20634	691
142	7	8	3	0.00062176	0.0249351158008139	0.0249351	-3.20638	87
143	5	8	3	0.00062166	0.0249331105159384	0.0249331	-3.20645	808
144	-1	8	3	0.00062164	0.0249327094396096	0.0249327	-3.20646	213
145	4	8	3	0.0006216	0.0249319072675959	0.0249319	-3.20649	132
146	-1	6	2	0.0006216	0.0249319072675959	0.0249319	-3.20649	732
147	-1	8	2	0.0006216	0.0249319072675959	0.0249319	-3.20649	936
148	-1	8	2	0.00062156	0.0249311050697718	0.0249311	-3.20652	362
149	2	8	3	0.00062146	0.024929099462275	0.0249291	-3.20659	899
150	7	8	3	0.00062144	0.0249286983214126	0.0249287	-3.2066	147
151	-1	8	3	0.0006213	0.0249258901546163	0.0249259	-3.2067	152
152	-1	8	3	0.0006212	0.024923884127479	0.0249239	-3.20677	556
153	-1	8	2	0.00062116	0.0249230816714146	0.0249231	-3.2068	247
154	6	8	3	0.00062114	0.0249226804336933	0.0249227	-3.20681	915
155	1	6	1	0.00062112	0.0249222791895123	0.0249223	-3.20682	325
156	-1	8	3	0.00062102	0.0249202728717003	0.0249203	-3.20689	456
157	-1	8	3	0.00062098	0.0249194702993463	0.0249195	-3.20692	563
158	-1	6	2	0.0006208	0.0249158584038359	0.0249159	-3.20705	449
159	-1	6	2	0.00062078	0.0249154570497914	0.0249155	-3.20706	669
160	-1	8	3	0.00062078	0.0249154570497914	0.0249155	-3.20706	438
161	2	8	3	0.00062076	0.0249150556892815	0.0249151	-3.20708	945
162	-1	8	3	0.0006207	0.0249138515689566	0.0249139	-3.20712	186
163	-1	6	2	0.00062066	0.0249130487897407	0.024913	-3.20715	576
164	1	4	1	0.00062052	0.0249102388587504	0.0249102	-3.20724	460
165	6	6	2	0.00062048	0.0249094359631044	0.0249094	-3.20727	670
166	6	8	3	0.00062034	0.0249066256245201	0.0249066	-3.20737	663
167	-1	8	3	0.00062032	0.024906224121693	0.0249062	-3.20738	275
168	-1	8	2	0.00062026	0.024905019574375	0.024905	-3.20743	301
169	-1	8	2	0.00062022	0.0249042165104626	0.0249042	-3.20745	61
170	-1	8	3	0.00062008	0.024901405582818	0.0249014	-3.20755	717
171	-1	8	3	0.00061998	0.0248993975830742	0.0248994	-3.20762	716
172	2	8	3	0.00061994	0.0248985943378336	0.0248986	-3.20765	288
173	5	8	3	0.00061974	0.0248945777228697	0.0248946	-3.20779	425
174	-1	8	2	0.00061972	0.0248941760257294	0.0248942	-3.2078	755
175	-1	6	2	0.0006197	0.0248937743221071	0.0248938	-3.20782	928
176	-1	8	3	0.00061968	0.0248933726120026	0.0248934	-3.20783	761
177	-1	8	3	0.00061968	0.0248933726120026	0.0248934	-3.20783	641
178	2	8	3	0.00061962	0.0248921674427921	0.0248922	-3.20787	890
179	-1	6	2	0.00061962	0.0248921674427921	0.0248922	-3.20787	164
180	-1	6	2	0.0006196	0.0248917657067553	0.0248918	-3.20789	620
181	2	8	3	0.00061958	0.0248913639642347	0.0248914	-3.2079	826
182	2	8	2	0.00061952	0.0248901586977665	0.0248902	-3.20794	740
183	-1	8	3	0.00061952	0.0248901586977665	0.0248902	-3.20794	276
184	5	8	3	0.0006195	0.0248897569293073	0.0248898	-3.20796	96
185	1	6	1	0.0006195	0.0248897569293073	0.0248898	-3.20796	355
186	-1	8	2	0.00061948	0.0248893551543627	0.0248894	-3.20797	509
187	3	6	2	0.00061948	0.0248893551543627	0.0248894	-3.20797	481
188	-1	6	2	0.00061948	0.0248893551543627	0.0248894	-3.20797	570
189	-1	6	2	0.00061946	0.0248889533729323	0.024889	-3.20799	658
190	-1	8	3	0.0006194	0.0248877479897238	0.0248877	-3.20803	314
191	7	8	3	0.0006194	0.0248877479897238	0.0248877	-3.20803	538
192	-1	8	2	0.00061938	0.0248873461823474	0.0248873	-3.20804	938
193	-1	8	3	0.00061936	0.0248869443684836	0.0248869	-3.20806	474
194	4	8	3	0.00061932	0.024886140721293	0.0248861	-3.20808	69
195	-1	8	3	0.00061924	0.0248845333490504	0.0248845	-3.20814	770
196	-1	8	3	0.0006192	0.0248837296239933	0.0248837	-3.20817	564
197	8	8	2	0.00061918	0.0248833277517297	0.0248833	-3.20818	709
198	3	6	2	0.00061916	0.0248829258729756	0.0248829	-3.2082	493
199	-1	8	3	0.000619	0.0248797106092495	0.0248797	-3.20831	653
200	1	6	1	0.00061894	0.0248785047782217	0.0248785	-3.20835	379
201	-1	6	2	0.0006189	0.0248777008583993	0.0248777	-3.20838	290
202	3	6	2	0.00061888	0.0248772988887459	0.0248773	-3.20839	479
203	1	4	1	0.00061878	0.0248752889430455	0.0248753	-3.20846	487
204	6	8	3	0.00061876	0.0248748869344164	0.0248749	-3.20848	431
205	-1	8	3	0.00061874	0.0248744849192903	0.0248745	-3.20849	31
206	-1	8	3	0.0006187	0.0248736808695456	0.0248737	-3.20852	197
207	-1	6	2	0.00061868	0.0248732788349264	0.0248733	-3.20853	280
208	-1	8	3	0.00061854	0.0248704644106217	0.0248705	-3.20863	193
209	-1	8	2	0.00061854	0.0248704644106217	0.0248705	-3.20863	220
210	-1	8	2	0.00061852	0.0248700623240072	0.0248701	-3.20865	287
211	-1	8	3	0.0006185	0.0248696602308918	0.0248697	-3.20866	654
212	-1	8	3	0.00061848	0.0248692581312752	0.0248693	-3.20867	539
213	7	8	3	0.00061846	0.0248688560251572	0.0248689	-3.20869	68
214	-1	8	3	0.00061842	0.0248680517934156	0.0248681	-3.20872	34
215	-1	8	2	0.00061842	0.0248680517934156	0.0248681	-3.20872	329
216	8	8	3	0.0006184	0.0248676496677913	0.0248676	-3.20873	816
217	-1	6	2	0.00061834	0.0248664432519007	0.0248664	-3.20877	748
218	-1	8	3	0.0006183	0.0248656389421225	0.0248656	-3.2088	553
219	5	8	3	0.00061826	0.0248648346063271	0.0248648	-3.20883	212
220	4	4	2	0.00061824	0.0248644324286721	0.0248644	-3.20884	100
221	-1	8	3	0.00061822	0.0248640302445119	0.024864	-3.20886	411
222	5	8	2	0.0006182	0.024863628053846	0.0248636	-3.20887	238
223	-1	8	3	0.0006182	0.024863628053846	0.0248636	-3.20887	701
224	-1	8	2	0.00061808	0.0248612147732165	0.0248612	-3.20896	317
225	3	8	3	0.00061808	0.0248612147732165	0.0248612	-3.20896	455
226	-1	8	3	0.00061808	0.0248612147732165	0.0248612	-3.20896	179
227	-1	6	2	0.00061806	0.0248608125370029	0.0248608	-3.20897	64
228	4	8	3	0.00061802	0.024860008045051	0.02486	-3.209	14
229	-1	8	3	0.00061802	0.024860008045051	0.02486	-3.209	62
230	-1	8	2	0.00061798	0.0248592035270642	0.0248592	-3.20903	898
231	-1	8	2	0.00061798	0.0248592035270642	0.0248592	-3.20903	383
232	7	6	2	0.00061794	0.0248583989830399	0.0248584	-3.20905	103
233	-1	8	2	0.00061792	0.024857996701263	0.024858	-3.20907	384
234	5	8	3	0.00061788	0.0248571921181778	0.0248572	-3.2091	203
235	-1	8	3	0.00061788	0.0248571921181778	0.0248572	-3.2091	679
236	6	6	2	0.00061786	0.024856789816869	0.0248568	-3.20911	858
237	-1	6	2	0.00061772	0.0248539735253742	0.024854	-3.20921	592
238	5	8	2	0.0006177	0.0248535711719664	0.0248536	-3.20922	304
239	2	8	3	0.00061768	0.0248531688120449	0.0248532	-3.20924	306
240	7	8	3	0.00061766	0.0248527664456092	0.0248528	-3.20925	74
241	2	8	2	0.00061764	0.0248523640726592	0.0248524	-3.20926	749
242	-1	8	3	0.00061754	0.0248503521101815	0.0248504	-3.20933	17
243	-1	8	3	0.00061752	0.0248499496981382	0.0248499	-3.20935	771
244	-1	8	3	0.0006175	0.0248495472795784	0.0248495	-3.20936	410
245	-1	6	2	0.00061746	0.0248487424229074	0.0248487	-3.20939	342
246	4	6	2	0.00061742	0.0248479375401662	0.0248479	-3.20942	494
247	-1	8	3	0.0006174	0.0248475350890184	0.0248475	-3.20943	725
248	-1	6	2	0.0006174	0.0248475350890184	0.0248475	-3.20943	757
249	1	6	1	0.00061728	0.0248451202452313	0.0248451	-3.20952	217
250	-1	8	3	0.00061726	0.0248447177484471	0.0248447	-3.20953	646
251	5	8	3	0.0006172	0.0248435102189687	0.0248435	-3.20957	95
252	4	8	3	0.0006172	0.0248435102189687	0.0248435	-3.20957	23
253	-1	8	2	0.00061718	0.0248431076960995	0.0248431	-3.20959	900
254	2	8	3	0.00061712	0.0248419000883588	0.0248419	-3.20963	763
255	-1	6	2	0.00061702	0.0248398872783272	0.0248399	-3.2097	594
256	-1	6	2	0.00061698	0.0248390821086448	0.0248391	-3.20973	801
257	-1	8	3	0.00061696	0.024838679514016	0.0248387	-3.20974	834
258	4	8	2	0.00061694	0.0248382769128617	0.0248383	-3.20976	746
259	-1	8	2	0.00061688	0.0248370690702426	0.0248371	-3.2098	364
260	-1	6	2	0.00061684	0.0248362638091964	0.0248363	-3.20983	127
261	5	6	2	0.00061678	0.0248350558686708	0.0248351	-3.20987	228
262	6	8	3	0.00061676	0.0248346532087726	0.0248347	-3.20988	395
263	-1	6	2	0.00061674	0.0248342505423457	0.0248343	-3.2099	624
264	-1	8	2	0.00061674	0.0248342505423457	0.0248343	-3.2099	893
265	-1	8	2	0.00061666	0.0248326398113451	0.0248326	-3.20995	250
266	-1	6	2	0.0006166	0.0248314316945278	0.0248314	-3.21	336
267	6	8	3	0.00061654	0.0248302235189295	0.0248302	-3.21004	854
268	2	6	2	0.0006165	0.0248294180358703	0.0248294	-3.21007	450
269	1	6	1	0.00061648	0.0248290152845416	0.024829	-3.21008	739
270	8	8	3	0.00061648	0.0248290152845416	0.024829	-3.21008	781
271	6	8	3	0.00061646	0.0248286125266798	0.0248286	-3.2101	833
272	-1	6	2	0.00061646	0.0248286125266798	0.0248286	-3.2101	166
273	8	6	2	0.00061642	0.0248278069913555	0.0248278	-3.21012	921
274	-1	8	2	0.0006164	0.0248274042138924	0.0248274	-3.21014	332
275	2	8	3	0.00061636	0.0248265986393626	0.0248266	-3.21017	702
276	-1	8	2	0.00061636	0.0248265986393626	0.0248266	-3.21017	745
277	5	8	3	0.00061624	0.0248241817589221	0.0248242	-3.21025	804
278	-1	6	2	0.00061622	0.0248237789226379	0.0248238	-3.21026	495
279	-1	8	2	0.00061622	0.0248237789226379	0.0248238	-3.21026	385
280	-1	8	3	0.00061614	0.0248221675121251	0.0248222	-3.21032	518
281	-1	8	2	0.00061614	0.0248221675121251	0.0248222	-3.21032	330
282	7	8	3	0.00061608	0.024820958885587	0.024821	-3.21036	141
283	-1	6	2	0.00061608	0.024820958885587	0.024821	-3.21036	649
284	6	8	3	0.00061604	0.0248201531018646	0.0248202	-3.21039	872
285	2	8	3	0.00061592	0.0248177355937241	0.0248177	-3.21048	633
286	8	8	3	0.00061588	0.0248169297053443	0.0248169	-3.2105	853
287	7	8	3	0.00061588	0.0248169297053443	0.0248169	-3.2105	151
288	7	8	3	0.00061586	0.0248165267513405	0.0248165	-3.21052	122
289	2	8	2	0.00061586	0.0248165267513405	0.0248165	-3.21052	884
290	-1	6	2	0.00061578	0.0248149148698923	0.0248149	-3.21057	10
291	6	8	3	0.00061574	0.0248141088899037	0.0248141	-3.2106	824
292	8	8	3	0.0006157	0.0248133028837356	0.0248133	-3.21063	879
293	-1	6	2	0.00061568	0.0248128998708333	0.0248129	-3.21064	377
294	-1	6	2	0.00061568	0.0248128998708333	0.0248129	-3.21064	307
295	-1	8	3	0.00061568	0.0248128998708333	0.0248129	-3.21064	788
296	8	8	3	0.00061564	0.0248120938253909	0.0248121	-3.21067	914
297	-1	8	2	0.0006156	0.0248112877537624	0.0248113	-3.2107	686
298	-1	8	3	0.00061556	0.0248104816559453	0.0248105	-3.21073	36
299	-1	6	2	0.00061542	0.0248076601073136	0.0248077	-3.21083	629
300	7	8	3	0.00061538	0.0248068538916163	0.0248069	-3.21086	204
301	3	8	3	0.00061538	0.0248068538916163	0.0248069	-3.21086	110
302	-1	8	3	0.00061534	0.0248060476497164	0.024806	-3.21088	662
303	2	6	2	0.00061534	0.0248060476497164	0.024806	-3.21088	575
304	-1	8	3	0.00061532	0.0248056445189396	0.0248056	-3.2109	678
305	-1	6	2	0.0006153	0.0248052413816113	0.0248052	-3.21091	542
306	6	6	2	0.0006153	0.0248052413816113	0.0248052	-3.21091	922
307	2	8	3	0.0006152	0.024803225596684	0.0248032	-3.21098	261
308	7	8	3	0.00061518	0.0248028224200392	0.0248028	-3.211	123
309	-1	8	3	0.0006151	0.0248012096479184	0.0248012	-3.21105	843
310	-1	8	2	0.00061504	0.0248	0.0248	-3.2111	256
311	-1	8	3	0.00061504	0.0248	0.0248	-3.2111	648
312	-1	8	2	0.00061502	0.0247995967709154	0.0247996	-3.21111	350
313	8	8	2	0.00061502	0.0247995967709154	0.0247996	-3.21111	704
314	6	6	2	0.00061496	0.0247983870443221	0.0247984	-3.21115	857
315	-1	6	2	0.0006149	0.0247971772587123	0.0247972	-3.2112	503
316	-1	8	2	0.00061488	0.0247967739837262	0.0247968	-3.21121	243
317	-1	8	3	0.00061482	0.0247955641194146	0.0247956	-3.21125	762
318	3	8	3	0.00061476	0.0247943541960665	0.0247944	-3.21129	401
319	-1	8	3	0.00061462	0.0247915308119527	0.0247915	-3.21139	48
320	-1	6	2	0.00061462	0.0247915308119527	0.0247915	-3.21139	244
321	6	8	3	0.00061458	0.0247907240717168	0.0247907	-3.21142	842
322	-1	8	3	0.00061444	0.0247879002741257	0.0247879	-3.21152	581
323	6	6	2	0.00061434	0.0247858830788818	0.0247859	-3.21159	796
324	-1	6	2	0.00061432	0.0247854796201324	0.0247855	-3.21161	615
325	-1	6	2	0.0006143	0.0247850761548154	0.0247851	-3.21162	298
326	-1	6	2	0.0006143	0.0247850761548154	0.0247851	-3.21162	468
327	-1	6	2	0.00061428	0.0247846726829305	0.0247847	-3.21163	423
328	2	6	2	0.00061422	0.0247834622278648	0.0247835	-3.21168	593
329	-1	8	3	0.00061414	0.0247818481958065	0.0247818	-3.21173	394
330	-1	6	2	0.00061412	0.0247814446713665	0.0247814	-3.21175	605
331	-1	4	2	0.00061412	0.0247814446713665	0.0247814	-3.21175	496
332	-1	8	2	0.00061402	0.0247794269505975	0.0247794	-3.21182	692
333	-1	6	2	0.000614	0.0247790233867277	0.024779	-3.21183	504
334	-1	6	2	0.00061396	0.0247782162392695	0.0247782	-3.21186	607
335	2	8	3	0.00061392	0.0247774090655177	0.0247774	-3.21189	656
336	1	6	1	0.00061384	0.0247757946391231	0.0247758	-3.21194	703
337	-1	6	2	0.00061382	0.0247753910160869	0.0247754	-3.21196	291
338	8	8	3	0.00061378	0.0247745837502873	0.0247746	-3.21199	906
339	-1	6	2	0.00061376	0.0247741801075232	0.0247742	-3.212	418
340	-1	8	2	0.00061358	0.0247705470266605	0.0247705	-3.21213	225
341	1	4	1	0.00061346	0.0247681246766888	0.0247681	-3.21221	622
342	-1	8	2	0.00061346	0.0247681246766888	0.0247681	-3.21221	943
343	-1	8	3	0.00061336	0.0247661058707258	0.0247661	-3.21228	825
344	-1	6	2	0.00061334	0.0247657020897854	0.0247657	-3.2123	588
345	-1	8	2	0.00061334	0.0247657020897854	0.0247657	-3.2123	347
346	-1	8	3	0.00061332	0.0247652983022616	0.0247653	-3.21231	266
347	-1	8	3	0.00061318	0.0247624716052336	0.0247625	-3.21241	389
348	5	6	2	0.00061316	0.0247620677650313	0.0247621	-3.21243	227
349	-1	6	2	0.00061312	0.0247612600648675	0.0247613	-3.21245	619
350	-1	8	2	0.00061306	0.0247600484652191	0.02476	-3.2125	310
351	-1	6	2	0.000613	0.0247588368062799	0.0247588	-3.21254	502
352	4	6	2	0.00061284	0.0247556054258424	0.0247556	-3.21265	38
353	-1	8	2	0.00061282	0.0247552014736297	0.0247552	-3.21267	747
354	3	8	3	0.00061266	0.024751969618598	0.024752	-3.21278	115
355	-1	8	3	0.00061262	0.0247511615889033	0.0247512	-3.21281	251
356	-1	8	2	0.00061254	0.0247495454503714	0.0247495	-3.21287	283
357	-1	6	2	0.00061246	0.0247479292062993	0.0247479	-3.21292	892
358	3	8	3	0.00061232	0.0247451005251545	0.0247451	-3.21302	473
359	4	8	2	0.00061206	0.0247398464021101	0.0247398	-3.21321	710
360	-1	8	2	0.00061192	0.0247370167966956	0.024737	-3.21331	944
361	3	8	3	0.00061188	0.0247362082785539	0.0247362	-3.21333	528
362	-1	8	2	0.00061178	0.0247341868675726	0.0247342	-3.2134	252
363	-1	6	2	0.0006116	0.0247305479114394	0.0247305	-3.21353	340
364	6	8	3	0.0006116	0.0247305479114394	0.0247305	-3.21353	782
365	-1	4	2	0.00061146	0.0247277172419939	0.0247277	-3.21363	586
366	-1	8	3	0.00061142	0.0247269084197762	0.0247269	-3.21366	140
367	-1	8	2	0.00061118	0.0247220549307698	0.0247221	-3.21383	711
368	-1	6	2	0.00061106	0.0247196278289136	0.0247196	-3.21392	498
369	2	6	2	0.00061104	0.0247192232887686	0.0247192	-3.21393	630
370	1	4	1	0.000611	0.0247184141886166	0.0247184	-3.21396	613
371	7	8	3	0.00061084	0.0247151775231334	0.0247152	-3.21407	267
372	6	4	2	0.00061078	0.0247139636642931	0.024714	-3.21412	856
373	-1	8	3	0.0006107	0.0247123450930906	0.0247123	-3.21417	133
374	-1	8	2	0.0006106	0.0247103217299978	0.0247103	-3.21424	223
375	-1	8	2	0.00061056	0.0247095123383688	0.0247095	-3.21427	58
376	-1	6	2	0.00061016	0.0247014169634052	0.0247014	-3.21456	549
377	-1	6	2	0.00061014	0.0247010121250122	0.024701	-3.21457	376
378	-1	8	3	0.0006101	0.0247002024283203	0.0247002	-3.2146	582
379	4	8	2	0.00061	0.0246981780704569	0.0246982	-3.21467	242
380	-1	8	3	0.00060988	0.0246957486219795	0.0246957	-3.21476	600
381	-1	8	3	0.0006098	0.0246941288568761	0.0246941	-3.21481	519
382	1	6	1	0.0006098	0.0246941288568761	0.0246941	-3.21481	343
383	-1	8	2	0.0006097	0.0246921040010769	0.0246921	-3.21488	319
384	-1	8	3	0.00060942	0.0246864335212683	0.0246864	-3.21508	557
385	-1	6	2	0.00060934	0.0246848131449278	0.0246848	-3.21514	543
386	8	8	2	0.000609	0.0246779253585061	0.0246779	-3.21538	934
387	6	8	3	0.00060892	0.0246763044234748	0.0246763	-3.21544	878
388	-1	6	2	0.00060884	0.0246746833819605	0.0246747	-3.2155	171
389	-1	6	2	0.00060866	0.024671035649117	0.024671	-3.21563	621
390	-1	8	3	0.00060864	0.0246706303121748	0.0246706	-3.21564	599
391	1	6	1	0.00060852	0.0246681981506554	0.0246682	-3.21573	353
392	-1	6	2	0.0006084	0.0246657657493134	0.0246658	-3.21581	19
393	-1	8	2	0.00060812	0.0246600892131395	0.0246601	-3.21601	756
394	-1	8	3	0.00060804	0.0246584671056414	0.0246585	-3.21607	3
395	-1	8	3	0.00060792	0.0246560337442988	0.024656	-3.21615	80
396	6	8	3	0.00060772	0.0246519776082975	0.024652	-3.2163	809
397	-1	6	2	0.00060674	0.0246320928871259	0.0246321	-3.217	794
398	-1	8	2	0.00060662	0.0246296569200629	0.0246297	-3.21708	286
399	-1	8	3	0.00060646	0.0246264085891549	0.0246264	-3.2172	815
400	-1	8	2	0.00060636	0.0246243781647375	0.0246244	-3.21727	510
401	4	8	2	0.00060612	0.0246195044629253	0.0246195	-3.21744	224
402	8	8	3	0.00060596	0.0246162547923115	0.0246163	-3.21756	777
403	-1	6	2	0.00060546	0.0246060968054667	0.0246061	-3.21791	466
404	2	8	3	0.00060342	0.0245646086881106	0.0245646	-3.21938	634
405	7	8	3	0.00057392	0.0239566274755025	0.0239566	-3.24115	177
406	7	8	3	0.00057262	0.0239294797268975	0.0239295	-3.24213	150
407	-1	8	3	0.00057238	0.0239244644663156	0.0239245	-3.24232	698
408	8	8	2	0.00057168	0.0239098306142055	0.0239098	-3.24285	888
409	5	8	3	0.00057136	0.0239031378693259	0.0239031	-3.24309	194
410	6	6	2	0.00057114	0.0238985355199853	0.0238985	-3.24326	422
411	2	8	2	0.00057028	0.0238805360073848	0.0238805	-3.24391	700
412	5	8	3	0.00056994	0.0238734161778326	0.0238734	-3.24417	302
413	4	6	2	0.0005695	0.0238641991275634	0.0238642	-3.24451	45
414	3	8	3	0.00056916	0.0238570744224853	0.0238571	-3.24477	869
415	-1	6	2	0.00056912	0.0238562360819975	0.0238562	-3.2448	170
416	8	8	3	0.00056904	0.0238545593126346	0.0238546	-3.24486	690
417	-1	6	2	0.00056874	0.0238482703775347	0.0238483	-3.24509	883
418	1	4	1	0.00056858	0.0238449156006055	0.0238449	-3.24521	226
419	5	8	2	0.00056858	0.0238449156006055	0.0238449	-3.24521	248
420	-1	8	3	0.00056848	0.023842818625322	0.0238428	-3.24528	684
421	4	6	2	0.00056842	0.0238415603516213	0.0238416	-3.24533	297
422	3	6	2	0.00056842	0.0238415603516213	0.0238416	-3.24533	464
423	8	8	3	0.00056824	0.0238377851320126	0.0238378	-3.24547	896
424	3	6	2	0.00056808	0.0238344288792494	0.0238344	-3.24559	491
425	-1	6	2	0.00056778	0.0238281346311456	0.0238281	-3.24582	574
426	-1	8	2	0.0005671	0.0238138615096334	0.0238139	-3.24634	699
427	-1	6	2	0.00056706	0.0238130216478296	0.023813	-3.24637	675
428	6	6	2	0.00056668	0.0238050414828456	0.023805	-3.24666	800
429	-1	8	2	0.00056666	0.0238046214000559	0.0238046	-3.24668	707
430	7	6	3	0.00056648	0.0238008403212996	0.0238008	-3.24682	101
431	-1	6	3	0.00056636	0.0237983192683853	0.0237983	-3.24691	165
432	7	6	2	0.00056636	0.0237983192683853	0.0237983	-3.24691	107
433	5	8	3	0.0005663	0.0237970586417734	0.0237971	-3.24695	779
434	8	8	3	0.00056618	0.0237945371881867	0.0237945	-3.24705	887
435	-1	6	2	0.00056606	0.023792015467379	0.023792	-3.24714	694
436	2	8	2	0.00056562	0.023782766870152	0.0237828	-3.24748	693
437	-1	8	2	0.00056562	0.023782766870152	0.0237828	-3.24748	743
438	1	4	1	0.00056556	0.0237815054191277	0.0237815	-3.24752	354
439	3	6	2	0.00056554	0.0237810849205834	0.0237811	-3.24754	446
440	5	8	3	0.00056542	0.0237785617731603	0.0237786	-3.24763	428
441	-1	8	3	0.00056542	0.0237785617731603	0.0237786	-3.24763	176
442	8	8	3	0.00056538	0.0237777206645212	0.0237777	-3.24766	941
443	-1	6	2	0.00056532	0.0237764589457724	0.0237765	-3.24771	668
444	5	8	2	0.00056532	0.0237764589457724	0.0237765	-3.24771	239
445	1	4	1	0.00056518	0.0237735146749487	0.0237735	-3.24781	442
446	5	8	3	0.00056502	0.0237701493474484	0.0237701	-3.24794	33
447	2	6	2	0.00056502	0.0237701493474484	0.0237701	-3.24794	318
448	8	6	2	0.00056502	0.0237701493474484	0.0237701	-3.24794	926
449	-1	6	2	0.000565	0.0237697286480094	0.0237697	-3.24795	738
450	-1	8	3	0.0005649	0.0237676250391157	0.0237676	-3.24803	257
451	-1	6	2	0.00056484	0.023766362784406	0.0237664	-3.24807	369
452	6	8	3	0.0005648	0.0237655212440207	0.0237655	-3.24811	852
453	1	4	1	0.0005648	0.0237655212440207	0.0237655	-3.24811	612
454	5	8	3	0.00056478	0.0237651004626532	0.0237651	-3.24812	392
455	4	6	2	0.00056474	0.0237642588775665	0.0237643	-3.24815	40
456	3	6	2	0.00056472	0.0237638380738466	0.0237638	-3.24817	338
457	4	8	2	0.0005647	0.023763417262675	0.0237634	-3.24818	32
458	1	4	1	0.00056464	0.0237621547844466	0.0237622	-3.24823	486
459	-1	6	2	0.0005646	0.0237613130950291	0.0237613	-3.24826	544
460	3	4	2	0.00056454	0.0237600505049968	0.0237601	-3.24831	480
461	-1	8	2	0.00056452	0.0237596296267429	0.0237596	-3.24832	752
462	1	4	1	0.0005645	0.0237592087410334	0.0237592	-3.24834	334
463	7	8	3	0.00056446	0.0237583669472462	0.0237584	-3.24837	78
464	8	8	2	0.0005642	0.023752894560453	0.0237529	-3.24857	708
465	8	8	2	0.00056418	0.0237524735554005	0.0237525	-3.24858	942
466	-1	8	3	0.00056408	0.0237503684181951	0.0237504	-3.24866	677
467	-1	8	3	0.00056396	0.0237478420072225	0.0237478	-3.24875	429
468	2	8	2	0.00056396	0.0237478420072225	0.0237478	-3.24875	889
469	-1	8	3	0.0005639	0.0237465787009413	0.0237466	-3.2488	249
470	1	6	1	0.00056376	0.0237436307248913	0.0237436	-3.24891	292
471	1	4	1	0.00056374	0.0237432095555761	0.0237432	-3.24892	289
472	8	8	3	0.00056368	0.0237419460028027	0.0237419	-3.24897	807
473	3	6	2	0.0005636	0.0237402611611583	0.0237403	-3.24903	339
474	-1	8	3	0.00056356	0.0237394186954946	0.0237394	-3.24906	312
475	4	6	2	0.00056344	0.0237368911190998	0.0237369	-3.24915	737
476	-1	6	2	0.00056342	0.0237364698302001	0.0237365	-3.24917	341
477	1	6	1	0.0005634	0.023736048533823	0.023736	-3.24918	296
478	4	6	2	0.00056336	0.0237352059186349	0.0237352	-3.24921	731
479	8	8	3	0.00056326	0.0237330992497819	0.0237331	-3.24929	780
480	2	8	3	0.00056324	0.0237326778935711	0.0237327	-3.24931	4
481	4	8	2	0.0005632	0.0237318351587061	0.0237318	-3.24934	195
482	4	6	2	0.0005631	0.0237297281906051	0.0237297	-3.24941	229
483	1	4	1	0.00056308	0.0237293067745352	0.0237293	-3.24943	370
484	4	8	2	0.00056302	0.0237280424814185	0.023728	-3.24948	258
485	5	8	2	0.00056298	0.0237271995819144	0.0237272	-3.24951	311
486	3	8	3	0.00056292	0.023725935176511	0.0237259	-3.24955	77
487	-1	6	2	0.0005629	0.0237255136930689	0.0237255	-3.24957	548
488	-1	6	2	0.00056264	0.0237200337267888	0.02372	-3.24977	572
489	-1	8	3	0.00056262	0.0237196121384815	0.0237196	-3.24978	149
490	-1	6	2	0.00056256	0.0237183473285978	0.0237183	-3.24983	28
491	1	4	1	0.00056252	0.0237175040845364	0.0237175	-3.24986	360
492	-1	8	3	0.0005625	0.0237170824512628	0.0237171	-3.24988	60
493	-1	8	2	0.0005625	0.0237170824512628	0.0237171	-3.24988	35
494	8	8	3	0.0005625	0.0237170824512628	0.0237171	-3.24988	933
495	2	8	3	0.00056224	0.0237116005364463	0.0237116	-3.25008	632
496	5	8	2	0.00056216	0.0237099135384337	0.0237099	-3.25014	240
497	2	8	3	0.00056208	0.0237082264203799	0.0237082	-3.2502	9
498	-1	6	2	0.00056206	0.023707804622107	0.0237078	-3.25022	253
499	4	8	2	0.00056198	0.0237061173539658	0.0237061	-3.25028	59
500	-1	8	3	0.00056198	0.0237061173539658	0.0237061	-3.25028	645
501	4	6	2	0.00056184	0.0237031643457155	0.0237032	-3.25039	233
502	-1	6	2	0.00056174	0.0237010548288468	0.0237011	-3.25046	375
503	-1	8	2	0.00056168	0.0236997890285969	0.0236998	-3.25051	196
504	-1	8	2	0.0005616	0.0236981011897578	0.0236981	-3.25057	259
505	1	4	1	0.00056158	0.0236976792112646	0.0236977	-3.25059	485
506	3	8	3	0.00056148	0.0236955692060773	0.0236956	-3.25067	113
507	7	8	3	0.00056146	0.0236951471824929	0.0236951	-3.25068	555
508	-1	6	2	0.00056136	0.0236930369518135	0.023693	-3.25076	640
509	3	8	3	0.00056132	0.0236921928069143	0.0236922	-3.25079	851
510	-1	4	2	0.00056126	0.0236909265331688	0.0236909	-3.25084	611
511	-1	8	3	0.0005612	0.0236896601917377	0.0236897	-3.25088	536
512	3	6	2	0.00056118	0.0236892380628842	0.0236892	-3.2509	492
513	5	6	2	0.00056102	0.0236858607612221	0.0236859	-3.25102	234
514	-1	6	2	0.00056078	0.0236807939056105	0.0236808	-3.25121	618
515	3	6	2	0.00056062	0.0236774153994899	0.0236774	-3.25133	626
516	7	8	3	0.00056048	0.0236744588111323	0.0236745	-3.25144	537
517	6	6	3	0.00056032	0.0236710794008216	0.0236711	-3.25156	859
518	-1	6	2	0.00056028	0.0236702344728564	0.0236702	-3.25159	448
519	1	2	1	0.00056026	0.0236698119975635	0.0236698	-3.25161	604
520	-1	6	2	0.00056022	0.0236689670243549	0.023669	-3.25164	573
521	5	8	2	0.00056022	0.0236689670243549	0.023669	-3.25164	285
522	-1	6	2	0.0005601	0.0236664319237185	0.0236664	-3.25173	627
523	-1	8	2	0.00056	0.0236643191323985	0.0236643	-3.25181	303
524	1	4	1	0.00055992	0.0236626287635165	0.0236626	-3.25187	919
525	5	8	3	0.0005599	0.023662206152428	0.0236622	-3.25189	806
526	3	6	2	0.00055988	0.0236617835337914	0.0236618	-3.25191	591
527	8	8	2	0.00055986	0.0236613609076063	0.0236614	-3.25192	744
528	-1	6	2	0.00055978	0.0236596703273735	0.0236597	-3.25198	501
529	-1	6	2	0.00055976	0.0236592476634402	0.0236592	-3.252	378
530	1	4	1	0.0005597	0.0236579796263333	0.023658	-3.25204	606
531	1	2	1	0.0005596	0.0236558660801079	0.0236559	-3.25212	478
532	-1	6	2	0.00055958	0.0236554433482021	0.0236554	-3.25214	190
533	6	6	2	0.00055952	0.023654175107156	0.0236542	-3.25218	863
534	-1	8	2	0.00055952	0.023654175107156	0.0236542	-3.25218	644
535	1	4	1	0.0005594	0.0236516384210481	0.0236516	-3.25228	730
536	-1	6	2	0.00055928	0.0236491014628463	0.0236491	-3.25237	363
537	7	8	3	0.00055924	0.0236482557496319	0.0236483	-3.2524	114
538	3	6	2	0.00055916	0.023646564232463	0.0236466	-3.25246	500
539	-1	6	2	0.00055916	0.023646564232463	0.0236466	-3.25246	447
540	1	6	1	0.00055906	0.0236444496658307	0.0236444	-3.25254	927
541	3	6	2	0.00055902	0.0236436037862251	0.0236436	-3.25257	617
542	2	8	2	0.00055858	0.0236342971124593	0.0236343	-3.25291	647
543	8	8	2	0.00055854	0.0236334508694774	0.0236335	-3.25295	932
544	8	8	2	0.00055852	0.0236330277366232	0.023633	-3.25296	897
545	5	8	3	0.00055846	0.0236317582926028	0.0236318	-3.25301	284
546	2	8	3	0.00055814	0.0236249867724831	0.023625	-3.25326	639
547	-1	6	2	0.00055808	0.0236237168963734	0.0236237	-3.2533	374
548	-1	6	2	0.00055796	0.0236211769393483	0.0236212	-3.2534	685
549	6	6	2	0.00055792	0.0236203302263114	0.0236203	-3.25343	416
550	5	8	2	0.0005579	0.0236199068584108	0.0236199	-3.25344	222
551	-1	8	2	0.00055758	0.0236131319396644	0.0236131	-3.25369	689
552	-1	8	3	0.00055722	0.0236055078318599	0.0236055	-3.25397	49
553	8	8	3	0.00055722	0.0236055078318599	0.0236055	-3.25397	753
554	3	6	2	0.00055718	0.0236046605567629	0.0236047	-3.254	465
555	6	6	3	0.0005571	0.0236029659153251	0.023603	-3.25407	795
556	3	6	2	0.00055708	0.0236025422359542	0.0236025	-3.25408	590
557	1	4	1	0.00055704	0.0236016948543955	0.0236017	-3.25411	568
558	-1	6	2	0.0005569	0.023598728779322	0.0235987	-3.25422	55
559	-1	8	3	0.0005569	0.023598728779322	0.0235987	-3.25422	393
560	-1	8	3	0.00055678	0.0235961861325088	0.0235962	-3.25432	54
561	2	6	2	0.00055638	0.0235877086636239	0.0235877	-3.25463	324
562	-1	8	3	0.00055574	0.0235741383723775	0.0235741	-3.25513	554
563	1	6	1	0.00055542	0.0235673502965437	0.0235674	-3.25538	920
564	5	8	2	0.00055456	0.023549097647256	0.0235491	-3.25605	221
565	6	8	3	0.00055398	0.0235367797287564	0.0235368	-3.25651	870
566	-1	8	2	0.00055378	0.0235325306756413	0.0235325	-3.25666	63
567	-1	8	3	0.0003408	0.0184607692147429	0.0184608	-3.4675	137
568	-1	8	3	0.00034062	0.0184558933677024	0.0184559	-3.46773	120
569	-1	8	2	0.00034044	0.0184510162321754	0.018451	-3.46796	443
570	-1	8	2	0.00033994	0.0184374618643673	0.0184375	-3.4686	117
571	-1	6	2	0.00033978	0.0184331223616619	0.0184331	-3.4688	451
572	-1	8	3	0.00033972	0.0184314947847428	0.0184315	-3.46888	161
573	-1	8	3	0.00033946	0.0184244402900061	0.0184244	-3.46921	88
574	-1	8	3	0.00033928	0.0184195548263252	0.0184196	-3.46944	84
575	-1	8	2	0.00033914	0.0184157541252049	0.0184158	-3.46962	121
576	-1	8	3	0.00033912	0.0184152111038674	0.0184152	-3.46965	772
577	-1	6	2	0.00033906	0.0184135819437718	0.0184136	-3.46972	775
578	-1	8	3	0.00033898	0.0184114095060644	0.0184114	-3.46983	65
579	-1	8	3	0.00033898	0.0184114095060644	0.0184114	-3.46983	309
580	-1	8	3	0.00033886	0.0184081503687905	0.0184082	-3.46998	255
581	-1	8	3	0.00033882	0.0184070638614636	0.0184071	-3.47003	533
582	-1	8	3	0.00033882	0.0184070638614636	0.0184071	-3.47003	785
583	-1	8	3	0.0003388	0.0184065205837497	0.0184065	-3.47006	264
584	-1	8	3	0.00033878	0.0184059772900001	0.018406	-3.47008	92
585	-1	8	2	0.00033858	0.0184005434702348	0.0184005	-3.47034	175
586	-1	8	3	0.00033852	0.0183989130113711	0.0183989	-3.47042	188
587	-1	6	2	0.00033838	0.0183951080453473	0.0183951	-3.4706	109
588	-1	8	2	0.00033834	0.0183940207676299	0.018394	-3.47065	855
589	-1	8	3	0.00033832	0.0183934771046695	0.0183935	-3.47067	93
590	-1	8	2	0.00033822	0.0183907585487929	0.0183908	-3.4708	569
591	-1	8	2	0.00033812	0.018388039590995	0.018388	-3.47093	623
592	-1	8	2	0.00033812	0.018388039590995	0.018388	-3.47093	331
593	-1	8	3	0.0003381	0.0183874957511892	0.0183875	-3.47095	728
594	-1	8	2	0.00033808	0.0183869518952979	0.018387	-3.47098	918
595	-1	8	3	0.00033804	0.0183858641352535	0.0183859	-3.47103	299
596	-1	8	3	0.00033794	0.0183831444535477	0.0183831	-3.47116	439
597	-1	8	3	0.0003379	0.0183820564681975	0.0183821	-3.47121	822
598	-1	8	3	0.00033788	0.0183815124513735	0.0183815	-3.47124	192
599	-1	8	3	0.00033782	0.0183798803042893	0.0183799	-3.47131	457
600	-1	8	3	0.0003378	0.0183793362230522	0.0183793	-3.47134	71
601	-1	8	3	0.00033774	0.0183777038826944	0.0183777	-3.47142	263
602	-1	8	3	0.00033774	0.0183777038826944	0.0183777	-3.47142	300
603	-1	8	3	0.00033772	0.0183771597370214	0.0183772	-3.47144	821
604	-1	8	3	0.00033772	0.0183771597370214	0.0183772	-3.47144	587
605	-1	8	3	0.00033768	0.0183760713973363	0.0183761	-3.47149	846
606	-1	8	2	0.00033766	0.0183755272033213	0.0183755	-3.47152	506
607	-1	8	3	0.00033766	0.0183755272033213	0.0183755	-3.47152	786
608	-1	8	3	0.00033762	0.0183744387669393	0.0183744	-3.47157	696
609	-1	8	3	0.00033762	0.0183744387669393	0.0183744	-3.47157	778
610	-1	8	2	0.0003376	0.0183738945245694	0.0183739	-3.4716	382
611	-1	8	3	0.00033758	0.0183733502660783	0.0183734	-3.47162	66
612	-1	8	3	0.00033758	0.0183733502660783	0.0183734	-3.47162	758
613	-1	8	3	0.00033758	0.0183733502660783	0.0183734	-3.47162	143
614	-1	6	2	0.0003375	0.0183711730708738	0.0183712	-3.47173	397
615	-1	8	3	0.00033748	0.0183706287317555	0.0183706	-3.47175	814
616	-1	8	3	0.00033744	0.0183695400051281	0.0183695	-3.4718	886
617	-1	8	3	0.00033736	0.0183673623582702	0.0183674	-3.47191	697
618	-1	8	2	0.00033736	0.0183673623582702	0.0183674	-3.47191	603
619	-1	8	3	0.0003373	0.0183657289536789	0.0183657	-3.47198	83
620	-1	8	3	0.0003373	0.0183657289536789	0.0183657	-3.47198	729
621	-1	6	2	0.00033728	0.0183651844531984	0.0183652	-3.47201	784
622	-1	8	2	0.0003372	0.0183630062898208	0.018363	-3.47211	513
623	-1	8	2	0.00033716	0.0183619171112387	0.0183619	-3.47216	705
624	-1	8	3	0.00033714	0.0183613724977192	0.0183614	-3.47219	119
625	-1	8	2	0.000337	0.0183575597506858	0.0183576	-3.47237	477
626	-1	8	3	0.000337	0.0183575597506858	0.0183576	-3.47237	162
627	-1	8	3	0.00033688	0.0183542910514136	0.0183543	-3.47252	882
628	-1	8	3	0.00033686	0.0183537462116049	0.0183537	-3.47255	880
629	-1	8	2	0.00033684	0.0183532013556219	0.0183532	-3.47258	380
630	-1	8	3	0.00033682	0.0183526564834631	0.0183527	-3.4726	471
631	-1	8	2	0.00033682	0.0183526564834631	0.0183527	-3.4726	381
632	-1	8	2	0.00033668	0.0183488419253096	0.0183488	-3.47278	396
633	-1	8	2	0.00033668	0.0183488419253096	0.0183488	-3.47278	625
634	-1	8	3	0.00033668	0.0183488419253096	0.0183488	-3.47278	583
635	-1	6	2	0.00033656	0.0183455716727498	0.0183456	-3.47294	550
636	-1	6	2	0.00033654	0.0183450265739791	0.018345	-3.47296	154
637	-1	8	3	0.00033648	0.018343391180477	0.0183434	-3.47304	135
638	-1	8	3	0.00033642	0.0183417556411593	0.0183418	-3.47312	97
639	-1	6	2	0.00033642	0.0183417556411593	0.0183418	-3.47312	577
640	-1	8	3	0.00033636	0.0183401199559872	0.0183401	-3.4732	817
641	-1	8	3	0.00033636	0.0183401199559872	0.0183401	-3.4732	268
642	-1	8	3	0.00033634	0.0183395746951776	0.0183396	-3.47322	27
643	-1	8	2	0.00033634	0.0183395746951776	0.0183396	-3.47322	187
644	-1	8	3	0.00033632	0.0183390294181562	0.018339	-3.47325	134
645	-1	8	2	0.00033632	0.0183390294181562	0.018339	-3.47325	76
646	-1	8	3	0.00033626	0.0183373934898066	0.0183374	-3.47332	877
647	-1	8	3	0.00033626	0.0183373934898066	0.0183374	-3.47332	931
648	-1	8	3	0.00033624	0.0183368481479233	0.0183368	-3.47335	25
649	-1	8	2	0.00033622	0.0183363027898211	0.0183363	-3.47338	351
650	-1	8	3	0.0003362	0.0183357574154983	0.0183358	-3.4734	146
651	-1	8	3	0.00033618	0.0183352120249535	0.0183352	-3.47343	722
652	-1	8	2	0.00033616	0.0183346666181853	0.0183347	-3.47345	512
653	-1	8	3	0.00033612	0.018333575755973	0.0183336	-3.47351	655
654	-1	8	2	0.00033612	0.018333575755973	0.0183336	-3.47351	390
655	-1	6	2	0.00033612	0.018333575755973	0.0183336	-3.47351	721
656	-1	6	2	0.0003361	0.0183330303005259	0.018333	-3.47353	811
657	-1	8	2	0.00033598	0.0183297572269793	0.0183298	-3.47369	566
658	-1	8	3	0.00033598	0.0183297572269793	0.0183298	-3.47369	917
659	-1	8	3	0.00033596	0.0183292116578973	0.0183292	-3.47371	836
660	-1	8	3	0.00033596	0.0183292116578973	0.0183292	-3.47371	828
661	-1	6	2	0.00033594	0.018328666072576	0.0183287	-3.47374	910
662	-1	8	3	0.00033592	0.0183281204710139	0.0183281	-3.47376	565
663	-1	8	3	0.00033592	0.0183281204710139	0.0183281	-3.47376	930
664	-1	8	3	0.00033592	0.0183281204710139	0.0183281	-3.47376	841
665	-1	8	3	0.00033588	0.0183270292191615	0.018327	-3.47382	18
666	-1	8	3	0.00033586	0.0183264835688683	0.0183265	-3.47384	399
667	-1	8	3	0.00033582	0.0183253922195406	0.0183254	-3.47389	29
668	-1	6	2	0.00033578	0.0183243008052149	0.0183243	-3.47395	865
669	-1	8	2	0.00033572	0.0183226635618297	0.0183227	-3.47402	124
670	-1	8	3	0.00033572	0.0183226635618297	0.0183227	-3.47402	129
671	-1	8	3	0.00033564	0.0183204803430478	0.0183205	-3.47413	201
672	-1	8	3	0.00033564	0.0183204803430478	0.0183205	-3.47413	567
673	-1	8	3	0.00033558	0.0183188427582094	0.0183188	-3.4742	792
674	-1	6	2	0.00033546	0.0183155671492859	0.0183156	-3.47436	829
675	-1	8	2	0.0003354	0.0183139291251222	0.0183139	-3.47444	558
676	-1	6	2	0.00033534	0.0183122909544382	0.0183123	-3.47451	199
677	-1	8	3	0.00033534	0.0183122909544382	0.0183123	-3.47451	867
678	-1	6	2	0.00033532	0.0183117448649767	0.0183117	-3.47454	91
679	-1	8	3	0.0003353	0.0183111987592293	0.0183112	-3.47457	20
680	-1	8	3	0.00033528	0.0183106526371946	0.0183107	-3.47459	659
681	-1	8	3	0.00033526	0.0183101064988711	0.0183101	-3.47462	885
682	-1	6	2	0.00033524	0.0183095603442573	0.0183096	-3.47464	388
683	-1	8	2	0.00033524	0.0183095603442573	0.0183096	-3.47464	848
684	-1	8	3	0.0003352	0.0183084679861533	0.0183085	-3.4747	787
685	-1	8	2	0.00033516	0.0183073755628708	0.0183074	-3.47475	269
686	-1	8	2	0.00033506	0.0183046442194324	0.0183046	-3.47488	812
687	-1	8	3	0.00033504	0.0183040979018361	0.0183041	-3.4749	759
688	-1	8	3	0.00033502	0.0183035515679335	0.0183036	-3.47493	75
689	-1	8	3	0.000335	0.0183030052177231	0.018303	-3.47496	522
690	-1	8	3	0.000335	0.0183030052177231	0.018303	-3.47496	160
691	-1	8	2	0.000335	0.0183030052177231	0.018303	-3.47496	706
692	-1	8	2	0.00033496	0.0183019124683734	0.0183019	-3.47501	561
693	-1	8	3	0.00033496	0.0183019124683734	0.0183019	-3.47501	790
694	-1	8	2	0.00033496	0.0183019124683734	0.0183019	-3.47501	344
695	-1	8	3	0.00033494	0.018301366069231	0.0183014	-3.47503	211
696	-1	8	2	0.00033494	0.018301366069231	0.0183014	-3.47503	236
697	-1	6	2	0.00033492	0.0183008196537751	0.0183008	-3.47506	145
698	-1	8	3	0.00033492	0.0183008196537751	0.0183008	-3.47506	12
699	-1	8	3	0.00033492	0.0183008196537751	0.0183008	-3.47506	526
700	-1	8	3	0.00033492	0.0183008196537751	0.0183008	-3.47506	894
701	-1	6	2	0.00033492	0.0183008196537751	0.0183008	-3.47506	514
702	-1	8	3	0.00033488	0.0182997267739166	0.0182997	-3.47511	13
703	-1	8	3	0.00033488	0.0182997267739166	0.0182997	-3.47511	157
704	-1	8	2	0.00033486	0.0182991803095111	0.0182992	-3.47514	783
705	-1	6	2	0.00033486	0.0182991803095111	0.0182992	-3.47514	433
706	-1	8	3	0.00033482	0.0182980873317404	0.0182981	-3.47519	282
707	-1	8	2	0.0003348	0.0182975408183723	0.0182975	-3.47521	326
708	-1	8	3	0.00033478	0.0182969942886803	0.018297	-3.47524	769
709	-1	8	2	0.00033478	0.0182969942886803	0.018297	-3.47524	866
710	-1	6	2	0.00033476	0.0182964477426631	0.0182964	-3.47527	208
711	-1	8	2	0.00033476	0.0182964477426631	0.0182964	-3.47527	508
712	-1	8	3	0.00033474	0.018295901180319	0.0182959	-3.47529	111
713	-1	8	3	0.00033474	0.018295901180319	0.0182959	-3.47529	94
714	-1	8	2	0.00033472	0.0182953546016468	0.0182954	-3.47532	112
715	-1	8	3	0.00033468	0.0182942613953119	0.0182943	-3.47537	472
716	-1	8	3	0.00033468	0.0182942613953119	0.0182943	-3.47537	578
717	-1	8	3	0.00033468	0.0182942613953119	0.0182943	-3.47537	661
718	-1	8	3	0.00033464	0.0182931681236466	0.0182932	-3.47542	254
719	-1	8	2	0.00033464	0.0182931681236466	0.0182932	-3.47542	540
720	-1	6	2	0.00033464	0.0182931681236466	0.0182932	-3.47542	262
721	-1	8	3	0.00033464	0.0182931681236466	0.0182932	-3.47542	56
722	-1	8	3	0.00033462	0.0182926214633114	0.0182926	-3.47545	67
723	-1	8	3	0.00033462	0.0182926214633114	0.0182926	-3.47545	835
724	-1	6	2	0.00033458	0.0182915280936285	0.0182915	-3.4755	874
725	-1	8	2	0.00033454	0.0182904346585859	0.0182904	-3.47555	571
726	-1	8	3	0.00033454	0.0182904346585859	0.0182904	-3.47555	98
727	-1	8	3	0.00033452	0.018289887916551	0.0182899	-3.47558	89
728	-1	8	2	0.0003345	0.0182893411581719	0.0182893	-3.4756	534
729	-1	8	3	0.00033448	0.0182887943834469	0.0182888	-3.47563	272
730	-1	8	2	0.00033442	0.0182871539611827	0.0182872	-3.47571	614
731	-1	8	3	0.0003344	0.0182866071210599	0.0182866	-3.47573	660
732	-1	8	2	0.0003344	0.0182866071210599	0.0182866	-3.47573	345
733	-1	8	3	0.00033438	0.0182860602645841	0.0182861	-3.47576	138
734	-1	8	3	0.00033436	0.0182855133917536	0.0182855	-3.47579	90
735	-1	8	3	0.00033432	0.018284419597023	0.0182844	-3.47584	182
736	-1	8	3	0.00033432	0.018284419597023	0.0182844	-3.47584	913
737	-1	8	3	0.0003343	0.01828387267512	0.0182839	-3.47586	279
738	-1	8	3	0.0003343	0.01828387267512	0.0182839	-3.47586	173
739	-1	6	2	0.00033426	0.0182827787822311	0.0182828	-3.47592	766
740	-1	8	3	0.00033426	0.0182827787822311	0.0182828	-3.47592	719
741	-1	8	3	0.00033422	0.0182816848238886	0.0182817	-3.47597	768
742	-1	8	3	0.00033414	0.018279496710796	0.0182795	-3.47607	85
743	-1	8	3	0.0003341	0.0182784025560222	0.0182784	-3.47612	530
744	-1	8	2	0.0003341	0.0182784025560222	0.0182784	-3.47612	902
745	-1	8	3	0.0003341	0.0182784025560222	0.0182784	-3.47612	400
746	-1	8	2	0.00033408	0.0182778554540734	0.0182779	-3.47615	458
747	-1	8	3	0.00033408	0.0182778554540734	0.0182779	-3.47615	832
748	-1	8	3	0.00033406	0.0182773083357479	0.0182773	-3.47618	126
749	-1	8	3	0.00033404	0.0182767612010443	0.0182768	-3.4762	216
750	-1	8	3	0.00033402	0.0182762140499612	0.0182762	-3.47623	454
751	-1	8	3	0.00033402	0.0182762140499612	0.0182762	-3.47623	718
752	-1	8	3	0.00033402	0.0182762140499612	0.0182762	-3.47623	308
753	-1	8	3	0.00033402	0.0182762140499612	0.0182762	-3.47623	497
754	-1	6	2	0.00033402	0.0182762140499612	0.0182762	-3.47623	406
755	-1	8	3	0.000334	0.0182756668824971	0.0182757	-3.47625	391
756	-1	8	2	0.000334	0.0182756668824971	0.0182757	-3.47625	911
757	-1	8	3	0.00033396	0.0182745724984198	0.0182746	-3.47631	831
758	-1	8	2	0.00033396	0.0182745724984198	0.0182746	-3.47631	881
759	-1	8	3	0.00033394	0.0182740252818037	0.018274	-3.47633	452
760	-1	8	3	0.00033392	0.0182734780488007	0.0182735	-3.47636	156
761	-1	8	3	0.00033392	0.0182734780488007	0.0182735	-3.47636	16
762	-1	8	3	0.0003339	0.0182729307994093	0.0182729	-3.47638	11
763	-1	8	2	0.0003339	0.0182729307994093	0.0182729	-3.47638	278
764	-1	8	3	0.00033388	0.018272383533628	0.0182724	-3.47641	517
765	-1	8	3	0.00033388	0.018272383533628	0.0182724	-3.47641	562
766	-1	8	2	0.00033388	0.018272383533628	0.0182724	-3.47641	803
767	-1	8	2	0.00033386	0.0182718362514554	0.0182718	-3.47644	616
768	-1	8	2	0.00033386	0.0182718362514554	0.0182718	-3.47644	490
769	-1	8	3	0.00033382	0.0182707416379303	0.0182707	-3.47649	434
770	-1	6	2	0.0003338	0.0182701943065748	0.0182702	-3.47651	172
771	-1	8	2	0.0003338	0.0182701943065748	0.0182702	-3.47651	579
772	-1	8	3	0.0003338	0.0182701943065748	0.0182702	-3.47651	774
773	-1	6	2	0.0003338	0.0182701943065748	0.0182702	-3.47651	712
774	-1	8	3	0.00033378	0.0182696469588222	0.0182696	-3.47654	189
775	-1	8	3	0.00033378	0.0182696469588222	0.0182696	-3.47654	912
776	-1	8	3	0.00033376	0.0182690995946708	0.0182691	-3.47657	765
777	-1	8	3	0.00033374	0.0182685522141192	0.0182686	-3.47659	191
778	-1	8	3	0.00033374	0.0182685522141192	0.0182686	-3.47659	830
779	-1	8	2	0.00033374	0.0182685522141192	0.0182686	-3.47659	476
780	-1	8	2	0.00033372	0.018268004817166	0.018268	-3.47662	459
781	-1	8	2	0.0003337	0.0182674574038096	0.0182675	-3.47664	531
782	-1	8	2	0.0003336	0.0182647200909294	0.0182647	-3.47677	552
783	-1	8	3	0.0003336	0.0182647200909294	0.0182647	-3.47677	270
784	-1	8	3	0.0003336	0.0182647200909294	0.0182647	-3.47677	183
785	-1	8	3	0.00033356	0.0182636250509038	0.0182636	-3.47683	281
786	-1	8	3	0.00033356	0.0182636250509038	0.0182636	-3.47683	791
787	-1	8	2	0.00033354	0.0182630775062693	0.0182631	-3.47685	597
788	-1	8	2	0.00033352	0.0182625299452184	0.0182625	-3.47688	435
789	-1	8	3	0.0003335	0.0182619823677497	0.018262	-3.4769	277
790	-1	8	2	0.00033346	0.0182608871635526	0.0182609	-3.47696	274
791	-1	8	3	0.00033342	0.0182597918936663	0.0182598	-3.47701	130
792	-1	8	3	0.0003334	0.0182592442340859	0.0182592	-3.47703	215
793	-1	8	3	0.0003334	0.0182592442340859	0.0182592	-3.47703	827
794	-1	8	2	0.00033338	0.0182586965580788	0.0182587	-3.47706	219
795	-1	8	3	0.00033334	0.0182576011567785	0.0182576	-3.47711	404
796	-1	8	2	0.00033332	0.0182570534314823	0.0182571	-3.47714	337
797	-1	8	3	0.00033332	0.0182570534314823	0.0182571	-3.47714	72
798	-1	8	3	0.00033326	0.0182554101569918	0.0182554	-3.47722	760
799	-1	6	2	0.00033322	0.0182543145584818	0.0182543	-3.47727	181
800	-1	8	3	0.0003332	0.0182537667345674	0.0182538	-3.4773	750
801	-1	8	3	0.00033316	0.0182526710374126	0.0182527	-3.47735	650
802	-1	8	2	0.00033316	0.0182526710374126	0.0182527	-3.47735	403
803	-1	8	3	0.00033314	0.0182521231641691	0.0182521	-3.47737	516
804	-1	8	3	0.00033312	0.0182515752744797	0.0182516	-3.4774	903
805	-1	8	2	0.0003331	0.0182510273683429	0.018251	-3.47743	426
806	-1	8	2	0.0003331	0.0182510273683429	0.018251	-3.47743	373
807	-1	8	2	0.0003331	0.0182510273683429	0.018251	-3.47743	346
808	-1	8	2	0.00033308	0.018250479445757	0.0182505	-3.47745	237
809	-1	8	3	0.00033306	0.0182499315067208	0.0182499	-3.47748	413
810	-1	8	2	0.00033306	0.0182499315067208	0.0182499	-3.47748	873
811	-1	8	3	0.00033306	0.0182499315067208	0.0182499	-3.47748	470
812	-1	8	3	0.00033302	0.0182488355792911	0.0182488	-3.47753	209
813	-1	8	2	0.00033296	0.0182471915647313	0.0182472	-3.47761	742
814	-1	8	3	0.00033294	0.0182466435269613	0.0182466	-3.47763	22
815	-1	8	2	0.00033294	0.0182466435269613	0.0182466	-3.47763	387
816	-1	6	2	0.00033294	0.0182466435269613	0.0182466	-3.47763	838
817	-1	8	2	0.00033292	0.0182460954727306	0.0182461	-3.47766	180
818	-1	8	2	0.0003329	0.0182455474020376	0.0182455	-3.47769	153
819	-1	8	3	0.00033288	0.0182449993148808	0.018245	-3.47771	246
820	-1	8	2	0.00033288	0.0182449993148808	0.018245	-3.47771	349
821	-1	8	2	0.00033286	0.0182444512112587	0.0182445	-3.47774	328
822	-1	8	3	0.00033286	0.0182444512112587	0.0182445	-3.47774	724
823	-1	8	2	0.00033284	0.0182439030911699	0.0182439	-3.47776	463
824	-1	8	3	0.00033284	0.0182439030911699	0.0182439	-3.47776	207
825	-1	8	3	0.00033284	0.0182439030911699	0.0182439	-3.47776	666
826	-1	8	3	0.00033282	0.0182433549546129	0.0182434	-3.47779	453
827	-1	8	3	0.0003328	0.0182428068015862	0.0182428	-3.47782	525
828	-1	8	3	0.00033278	0.0182422586320883	0.0182423	-3.47784	521
829	-1	8	3	0.00033276	0.0182417104461177	0.0182417	-3.47787	214
830	-1	8	2	0.00033274	0.018241162243673	0.0182412	-3.47789	265
831	-1	8	2	0.0003327	0.018240065789355	0.0182401	-3.47795	585
832	-1	8	3	0.0003327	0.018240065789355	0.0182401	-3.47795	200
833	-1	8	3	0.0003327	0.018240065789355	0.0182401	-3.47795	589
834	-1	8	3	0.0003327	0.018240065789355	0.0182401	-3.47795	436
835	-1	8	2	0.00033268	0.0182395175374789	0.0182395	-3.47797	405
836	-1	6	2	0.00033268	0.0182395175374789	0.0182395	-3.47797	82
837	-1	8	3	0.00033266	0.0182389692691226	0.018239	-3.478	904
838	-1	8	3	0.00033266	0.0182389692691226	0.018239	-3.478	940
839	-1	8	3	0.0003326	0.0182373243651584	0.0182373	-3.47808	837
840	-1	8	3	0.0003326	0.0182373243651584	0.0182373	-3.47808	767
841	-1	8	3	0.00033258	0.0182367760308669	0.0182368	-3.4781	142
842	-1	8	3	0.00033258	0.0182367760308669	0.0182368	-3.4781	714
843	-1	8	3	0.00033256	0.0182362276800878	0.0182362	-3.47813	139
844	-1	8	3	0.00033256	0.0182362276800878	0.0182362	-3.47813	99
845	-1	8	2	0.00033252	0.0182351309290611	0.0182351	-3.47818	461
846	-1	8	3	0.0003325	0.0182345825288105	0.0182346	-3.47821	584
847	-1	8	3	0.0003325	0.0182345825288105	0.0182346	-3.47821	125
848	-1	8	3	0.00033248	0.0182340341120664	0.018234	-3.47823	895
849	-1	6	2	0.00033242	0.0182323887628583	0.0182324	-3.47831	424
850	-1	8	3	0.0003323	0.0182290976189169	0.0182291	-3.47847	805
851	-1	8	2	0.00033228	0.018228549037156	0.0182285	-3.4785	909
852	-1	8	3	0.00033226	0.0182280004388852	0.018228	-3.47852	723
853	-1	8	3	0.00033224	0.0182274518241031	0.0182275	-3.47855	823
854	-1	8	3	0.0003322	0.0182263545449988	0.0182264	-3.4786	939
855	-1	8	3	0.00033216	0.0182252571998312	0.0182253	-3.47865	30
856	-1	6	2	0.0003321	0.0182236110581849	0.0182236	-3.47873	802
857	-1	8	3	0.0003321	0.0182236110581849	0.0182236	-3.47873	202
858	-1	8	3	0.00033208	0.0182230623112582	0.0182231	-3.47876	155
859	-1	8	3	0.00033206	0.0182225135478067	0.0182225	-3.47878	844
860	-1	8	3	0.000332	0.0182208671582886	0.0182209	-3.47886	601
861	-1	8	3	0.00033198	0.018220318328723	0.0182203	-3.47889	441
862	-1	8	3	0.00033198	0.018220318328723	0.0182203	-3.47889	407
863	-1	8	3	0.00033194	0.0182192206199936	0.0182192	-3.47894	427
864	-1	8	3	0.0003319	0.0182181228451232	0.0182181	-3.47899	273
865	-1	8	3	0.0003319	0.0182181228451232	0.0182181	-3.47899	907
866	-1	8	3	0.0003319	0.0182181228451232	0.0182181	-3.47899	21
867	-1	6	2	0.0003319	0.0182181228451232	0.0182181	-3.47899	523
868	-1	8	3	0.00033184	0.0182164760587771	0.0182165	-3.47907	813
869	-1	8	3	0.00033182	0.0182159270969116	0.0182159	-3.4791	839
870	-1	8	2	0.00033176	0.018214280112044	0.0182143	-3.47918	445
871	-1	8	2	0.00033176	0.018214280112044	0.0182143	-3.47918	148
872	-1	8	3	0.00033176	0.018214280112044	0.0182143	-3.47918	515
873	-1	8	2	0.0003317	0.0182126329782379	0.0182126	-3.47925	741
874	-1	8	3	0.0003317	0.0182126329782379	0.0182126	-3.47925	205
875	-1	8	3	0.00033166	0.0182115348062704	0.0182115	-3.47931	657
876	-1	8	3	0.00033164	0.0182109856954532	0.018211	-3.47933	210
877	-1	8	3	0.00033162	0.0182104365680782	0.0182104	-3.47936	713
878	-1	8	3	0.00033162	0.0182104365680782	0.0182104	-3.47936	819
879	-1	8	2	0.00033158	0.0182093382636492	0.0182093	-3.47941	776
880	-1	8	3	0.00033154	0.0182082398929715	0.0182082	-3.47946	727
881	-1	8	3	0.0003315	0.0182071414560331	0.0182071	-3.47952	664
882	-1	8	3	0.00033148	0.0182065922127124	0.0182066	-3.47954	642
883	-1	8	2	0.00033146	0.018206042952822	0.018206	-3.47957	818
884	-1	8	3	0.0003313	0.0182016482770105	0.0182016	-3.47978	57
885	-1	8	2	0.0003313	0.0182016482770105	0.0182016	-3.47978	327
886	-1	8	3	0.00033128	0.0182010988679255	0.0182011	-3.4798	245
887	-1	8	3	0.00033128	0.0182010988679255	0.0182011	-3.4798	144
888	-1	8	2	0.00033128	0.0182010988679255	0.0182011	-3.4798	488
889	-1	6	2	0.00033124	0.0182	0.0182	-3.47986	271
890	-1	8	2	0.00033124	0.0182	0.0182	-3.47986	810
891	-1	8	3	0.00033124	0.0182	0.0182	-3.47986	773
892	-1	8	3	0.00033122	0.0181994505411565	0.0181995	-3.47988	408
893	-1	8	3	0.00033112	0.0181967029980708	0.0181967	-3.48001	764
894	-1	8	3	0.0003311	0.0181961534396696	0.0181962	-3.48004	652
895	-1	6	2	0.0003311	0.0181961534396696	0.0181962	-3.48004	901
896	-1	8	2	0.00033098	0.0181928557406472	0.0181929	-3.4802	507
897	-1	6	2	0.0003309	0.0181906569425076	0.0181907	-3.4803	73
898	-1	6	2	0.00033086	0.0181895574437643	0.0181896	-3.48036	532
899	-1	8	3	0.00033084	0.0181890076694689	0.018189	-3.48038	128
900	-1	8	2	0.0003308	0.0181879080710235	0.0181879	-3.48043	386
901	-1	8	3	0.00033078	0.0181873582468703	0.0181874	-3.48046	398
902	-1	8	3	0.00033076	0.0181868084060948	0.0181868	-3.48049	687
903	-1	8	3	0.00033074	0.0181862585486955	0.0181863	-3.48051	845
904	-1	8	3	0.00033074	0.0181862585486955	0.0181863	-3.48051	651
905	-1	6	2	0.0003307	0.0181851587840195	0.0181852	-3.48057	559
906	-1	6	2	0.00033068	0.0181846088767397	0.0181846	-3.48059	595
907	-1	8	2	0.00033064	0.0181835090122891	0.0181835	-3.48064	432
908	-1	8	3	0.00033064	0.0181835090122891	0.0181835	-3.48064	720
909	-1	8	3	0.00033062	0.0181829590551153	0.018183	-3.48067	409
910	-1	8	2	0.00033056	0.0181813090837816	0.0181813	-3.48075	440
911	-1	8	3	0.00033054	0.0181807590600613	0.0181808	-3.48078	908
912	-1	8	2	0.00033048	0.0181791088890517	0.0181791	-3.48085	529
913	-1	8	3	0.00033046	0.0181785587987607	0.0181786	-3.48088	524
914	-1	6	2	0.00033036	0.0181758080975785	0.0181758	-3.48101	136
915	-1	8	3	0.00033024	0.0181725067065609	0.0181725	-3.48117	596
916	-1	6	2	0.00033016	0.0181703054459742	0.0181703	-3.48128	469
917	-1	6	2	0.00033012	0.0181692047156721	0.0181692	-3.48133	118
918	-1	8	3	0.0003301	0.0181686543255135	0.0181687	-3.48135	916
919	-1	8	3	0.00033008	0.0181681039186812	0.0181681	-3.48138	206
920	-1	8	2	0.00033004	0.0181670030549896	0.018167	-3.48143	875
921	-1	8	2	0.0003299	0.0181631495066247	0.0181631	-3.48162	371
922	-1	8	3	0.0003299	0.0181631495066247	0.0181631	-3.48162	840
923	-1	8	3	0.00032988	0.0181625989329721	0.0181626	-3.48164	643
924	-1	8	3	0.00032972	0.0181581937427708	0.0181582	-3.48185	598
925	-1	8	3	0.00032966	0.0181565415208954	0.0181565	-3.48193	715
926	-1	8	2	0.0003296	0.0181548891486563	0.0181549	-3.48201	335
927	-1	8	3	0.00032948	0.0181515839529227	0.0181516	-3.48217	475
928	-1	8	3	0.00032942	0.0181499311293459	0.0181499	-3.48225	560
929	-1	8	3	0.00032938	0.0181488291633372	0.0181488	-3.4823	412
930	-1	8	3	0.0003293	0.018146625030567	0.0181466	-3.48241	602
931	-1	8	3	0.00032926	0.018145522863781	0.0181455	-3.48246	751
932	-1	8	3	0.00032924	0.0181449717552825	0.018145	-3.48249	520
933	-1	8	3	0.00032916	0.0181427671538826	0.0181428	-3.48259	849
934	-1	8	2	0.00032906	0.018140011025355	0.01814	-3.48272	81
935	-1	8	3	0.000329	0.0181383571472171	0.0181384	-3.4828	414
936	-1	8	3	0.00032896	0.0181372544780074	0.0181373	-3.48286	499
937	-1	8	2	0.00032878	0.0181322916367458	0.0181323	-3.48309	333
938	-1	8	3	0.00032874	0.0181311885986551	0.0181312	-3.48315	688
939	-1	8	2	0.00032834	0.0181201545247274	0.0181202	-3.48368	218
940	-1	6	2	0.0003279	0.018108009277665	0.018108	-3.48426	847
941	-1	8	2	0.00032756	0.0180986187318259	0.0180986	-3.48471	184
942	-1	8	3	0.0003271	0.0180859061149836	0.0180859	-3.48532	580
943	-1	8	3	0.00032526	0.018034966038227	0.018035	-3.48777	551
944	-1	8	3	0.0003247	0.0180194339533738	0.0180194	-3.48852	876
