ID	cluster	dist_rf	dist_spr	PP	sqrt(PP)	sqrt_size	log_size	uniq_id
0	1	0	0	0.0112272	0.105958482435339	0.105958	-1.94973	679
1	2	6	3	0.0112263	0.105954235403782	0.105954	-1.94976	418
2	1	4	1	0.0112207	0.105927805603628	0.105928	-1.94998	637
3	3	8	2	0.011194	0.105801701309573	0.105802	-1.95101	608
4	2	6	2	0.011185	0.105759160359753	0.105759	-1.95136	229
5	2	8	3	0.0111841	0.105754905323583	0.105755	-1.9514	419
6	2	4	2	0.0111768	0.105720385924381	0.10572	-1.95168	733
7	2	8	3	0.0111763	0.105718021169524	0.105718	-1.9517	420
8	4	6	2	0.0111743	0.105708561621091	0.105709	-1.95178	42
9	1	2	1	0.0111715	0.105695316830974	0.105695	-1.95189	49
10	2	6	2	0.0111706	0.105691059224515	0.105691	-1.95192	607
11	2	6	3	0.0111673	0.105675446533242	0.105675	-1.95205	544
12	4	6	3	0.0111608	0.105644687514328	0.105645	-1.9523	43
13	4	4	2	0.0111606	0.105643740940957	0.105644	-1.95231	45
14	2	6	2	0.0111588	0.105635221398925	0.105635	-1.95238	481
15	3	6	2	0.0111542	0.105613446113646	0.105613	-1.95256	734
16	2	6	2	0.0111537	0.105611078964283	0.105611	-1.95258	859
17	3	8	2	0.0111536	0.105610605528043	0.105611	-1.95258	482
18	5	8	2	0.0111527	0.105606344506379	0.105606	-1.95262	861
19	4	6	3	0.0111497	0.105592139858988	0.105592	-1.95274	5
20	1	4	1	0.0111479	0.105583616153265	0.105584	-1.95281	680
21	2	6	2	0.0111478	0.105583142593882	0.105583	-1.95281	292
22	1	4	1	0.0111478	0.105583142593882	0.105583	-1.95281	672
23	4	4	2	0.0111458	0.10557367096014	0.105574	-1.95289	40
24	4	4	2	0.0111453	0.105571302918928	0.105571	-1.95291	4
25	4	6	2	0.0111446	0.105567987571991	0.105568	-1.95294	50
26	6	6	2	0.0111432	0.105561356565743	0.105561	-1.95299	796
27	1	4	1	0.0111421	0.105556146197178	0.105556	-1.95303	636
28	3	8	2	0.0111414	0.105552830374178	0.105553	-1.95306	609
29	4	8	3	0.01114	0.10554619841567	0.105546	-1.95311	168
30	1	2	1	0.0111393	0.105542882280142	0.105543	-1.95314	634
31	5	8	3	0.0111378	0.105535775924565	0.105536	-1.9532	546
32	7	4	2	0.0111377	0.105535302150513	0.105535	-1.9532	635
33	1	2	1	0.0111349	0.105522035613421	0.105522	-1.95331	675
34	1	4	1	0.0111343	0.10551919256704	0.105519	-1.95334	682
35	7	6	3	0.0111342	0.105518718718529	0.105519	-1.95334	320
36	8	6	2	0.011132	0.10550829351288	0.105508	-1.95343	315
37	1	4	1	0.0111296	0.105496919386302	0.105497	-1.95352	630
38	2	6	3	0.0111292	0.105495023579314	0.105495	-1.95354	166
39	4	6	2	0.011129	0.105494075663044	0.105494	-1.95354	36
40	3	8	3	0.0111273	0.105486018030827	0.105486	-1.95361	104
41	1	2	1	0.0111236	0.105468478703355	0.105468	-1.95375	670
42	8	6	3	0.0111208	0.105455203759701	0.105455	-1.95386	358
43	1	4	1	0.0111159	0.105431968586383	0.105432	-1.95406	671
44	-1	6	2	0.0111151	0.105428174602428	0.105428	-1.95409	52
45	8	6	2	0.0111139	0.105422483370484	0.105422	-1.95413	321
46	4	6	2	0.0111125	0.10541584321154	0.105416	-1.95419	735
47	-1	4	2	0.0111115	0.105411099984774	0.105411	-1.95423	673
48	4	8	2	0.0111095	0.105401612890885	0.105402	-1.95431	231
49	2	4	2	0.0111082	0.105395445821914	0.105395	-1.95436	355
50	1	2	1	0.011108	0.105394497010043	0.105394	-1.95436	364
51	4	6	2	0.0111073	0.105391176101228	0.105391	-1.95439	0
52	-1	6	2	0.0111049	0.105379789333629	0.10538	-1.95449	367
53	4	6	2	0.0111047	0.10537884038079	0.105379	-1.95449	924
54	3	6	2	0.011103	0.105370773936609	0.105371	-1.95456	356
55	6	4	2	0.0111014	0.105363181425012	0.105363	-1.95462	922
56	2	6	3	0.0111011	0.105361757768177	0.105362	-1.95463	103
57	8	4	2	0.0110988	0.105350842426627	0.105351	-1.95472	360
58	-1	4	2	0.0110964	0.105339451299122	0.105339	-1.95482	51
59	4	8	2	0.0110957	0.105336128654892	0.105336	-1.95485	483
60	1	2	1	0.0110937	0.105326634808105	0.105327	-1.95492	681
61	4	8	2	0.0110911	0.105314291527788	0.105314	-1.95503	294
62	8	4	2	0.0110906	0.105311917654176	0.105312	-1.95504	319
63	8	6	2	0.0110895	0.105306694943864	0.105307	-1.95509	351
64	3	8	3	0.0110879	0.1052990978119	0.105299	-1.95515	545
65	-1	6	2	0.0110875	0.105297198443263	0.105297	-1.95517	365
66	-1	6	2	0.011085	0.105285326612971	0.105285	-1.95526	7
67	-1	6	2	0.0110818	0.105270128716555	0.10527	-1.95539	923
68	3	8	2	0.0110807	0.105264903932887	0.105265	-1.95543	230
69	1	4	1	0.0110785	0.105254453587485	0.105254	-1.95552	666
70	6	8	2	0.0110715	0.105221195583399	0.105221	-1.95579	797
71	8	4	2	0.0110704	0.105215968369825	0.105216	-1.95584	366
72	3	8	2	0.0110677	0.105203136835362	0.105203	-1.95594	860
73	8	6	2	0.0110642	0.105186501035066	0.105187	-1.95608	322
74	-1	6	2	0.0110587	0.105160353746077	0.10516	-1.9563	6
75	5	8	2	0.011058	0.105157025442906	0.105157	-1.95632	798
76	-1	8	3	0.0110517	0.105127065972565	0.105127	-1.95657	167
77	3	6	2	0.0110502	0.105119931506827	0.10512	-1.95663	41
78	-1	8	2	0.0110501	0.105119455858561	0.105119	-1.95663	293
79	4	6	2	0.01105	0.105118980208143	0.105119	-1.95664	357
80	4	8	3	0.0110415	0.105078542053076	0.105079	-1.95697	105
81	8	8	3	0.00025908	0.0160959622265958	0.016096	-3.58657	318
82	8	8	2	0.00025812	0.0160661134067951	0.0160661	-3.58818	279
83	6	8	3	0.00025792	0.0160598879199078	0.0160599	-3.58851	114
84	4	8	2	0.00025784	0.0160573970493352	0.0160574	-3.58865	223
85	5	8	3	0.0002567	0.0160218600667962	0.0160219	-3.59057	808
86	5	8	3	0.00025626	0.0160081229380587	0.0160081	-3.59132	430
87	-1	6	2	0.00025592	0.015997499804657	0.0159975	-3.5919	67
88	6	6	2	0.00025568	0.0159899968730453	0.01599	-3.5923	769
89	-1	8	3	0.00025558	0.0159868696122787	0.0159869	-3.59247	1
90	-1	8	3	0.00025546	0.0159831160916762	0.0159831	-3.59268	920
91	-1	8	2	0.00025532	0.0159787358698991	0.0159787	-3.59292	222
92	-1	8	3	0.0002553	0.0159781100259073	0.0159781	-3.59295	541
93	1	8	1	0.0002553	0.0159781100259073	0.0159781	-3.59295	497
94	-1	8	2	0.00025466	0.0159580700587508	0.0159581	-3.59404	250
95	5	8	2	0.00025462	0.0159568167251492	0.0159568	-3.59411	669
96	-1	8	2	0.00025444	0.0159511755052723	0.0159512	-3.59441	569
97	8	8	2	0.0002543	0.0159467865101405	0.0159468	-3.59465	504
98	-1	8	3	0.00025428	0.0159461594122221	0.0159462	-3.59469	115
99	-1	4	2	0.00025386	0.0159329846544833	0.015933	-3.59541	346
100	2	8	3	0.00025386	0.0159329846544833	0.015933	-3.59541	552
101	-1	8	2	0.00025376	0.0159298462013919	0.0159298	-3.59558	574
102	-1	8	3	0.00025368	0.0159273349936516	0.0159273	-3.59571	556
103	8	8	2	0.00025362	0.0159254513279844	0.0159255	-3.59582	621
104	-1	6	2	0.00025362	0.0159254513279844	0.0159255	-3.59582	16
105	2	8	3	0.00025358	0.0159241954270852	0.0159242	-3.59589	177
106	2	8	3	0.00025328	0.0159147730112622	0.0159148	-3.5964	581
107	2	6	2	0.0002531	0.0159091168830957	0.0159091	-3.59671	409
108	-1	8	2	0.00025302	0.015906602402776	0.0159066	-3.59685	502
109	-1	8	2	0.00025294	0.0159040875249101	0.0159041	-3.59698	196
110	-1	8	2	0.00025272	0.0158971695593901	0.0158972	-3.59736	237
111	6	6	2	0.0002527	0.0158965405041474	0.0158965	-3.59739	814
112	7	8	2	0.00025256	0.0158921364202551	0.0158921	-3.59764	633
113	-1	8	3	0.00025248	0.015889619252833	0.0158896	-3.59777	170
114	8	6	3	0.0002522	0.0158808060248843	0.0158808	-3.59825	342
115	-1	8	2	0.00025218	0.0158801763214393	0.0158802	-3.59829	313
116	1	8	1	0.00025216	0.0158795465930234	0.0158795	-3.59832	819
117	-1	8	2	0.00025208	0.0158770274295915	0.015877	-3.59846	375
118	-1	6	2	0.00025208	0.0158770274295915	0.015877	-3.59846	738
119	4	8	2	0.00025202	0.0158751377946776	0.0158751	-3.59856	493
120	6	8	3	0.00025202	0.0158751377946776	0.0158751	-3.59856	803
121	-1	6	2	0.000252	0.0158745078663875	0.0158745	-3.5986	694
122	-1	8	3	0.00025192	0.0158719879032212	0.015872	-3.59874	178
123	-1	6	2	0.00025184	0.0158694675399019	0.0158695	-3.59888	331
124	-1	8	3	0.00025176	0.015866946776239	0.0158669	-3.59901	79
125	4	8	3	0.0002517	0.0158650559406515	0.0158651	-3.59912	99
126	-1	8	2	0.00025168	0.0158644256120416	0.0158644	-3.59915	376
127	3	8	3	0.00025164	0.0158631648796827	0.0158632	-3.59922	437
128	-1	8	3	0.00025164	0.0158631648796827	0.0158632	-3.59922	878
129	7	8	2	0.00025162	0.0158625344759279	0.0158625	-3.59925	824
130	3	8	3	0.00025162	0.0158625344759279	0.0158625	-3.59925	563
131	-1	8	2	0.00025162	0.0158625344759279	0.0158625	-3.59925	371
132	-1	8	2	0.0002516	0.0158619040471187	0.0158619	-3.59929	448
133	-1	8	3	0.00025156	0.0158606431143255	0.0158606	-3.59936	212
134	-1	8	3	0.0002515	0.0158587515271537	0.0158588	-3.59946	163
135	-1	8	3	0.00025144	0.0158568597143318	0.0158569	-3.59957	101
136	-1	8	2	0.0002514	0.0158555983803829	0.0158556	-3.59963	240
137	-1	8	3	0.0002514	0.0158555983803829	0.0158556	-3.59963	290
138	3	8	3	0.00025134	0.015853706191298	0.0158537	-3.59974	604
139	-1	8	3	0.0002513	0.0158524446064322	0.0158524	-3.59981	731
140	1	6	1	0.00025126	0.0158511829211577	0.0158512	-3.59988	755
141	8	8	2	0.00025126	0.0158511829211577	0.0158512	-3.59988	486
142	-1	6	2	0.00025116	0.015848028268526	0.015848	-3.60005	664
143	-1	8	2	0.00025114	0.0158473972626422	0.0158474	-3.60008	825
144	-1	8	2	0.0002511	0.0158461351754931	0.0158461	-3.60015	192
145	-1	6	2	0.00025094	0.0158410858213697	0.0158411	-3.60043	889
146	2	8	3	0.00025088	0.0158391918985787	0.0158392	-3.60053	429
147	4	6	2	0.00025082	0.0158372977493005	0.0158373	-3.60064	745
148	-1	6	2	0.0002507	0.0158335087709579	0.0158335	-3.60085	94
149	2	8	3	0.0002507	0.0158335087709579	0.0158335	-3.60085	518
150	7	8	3	0.00025066	0.0158322455766704	0.0158322	-3.60091	591
151	5	8	3	0.00025044	0.0158252962057587	0.0158253	-3.6013	856
152	-1	8	2	0.00025044	0.0158252962057587	0.0158253	-3.6013	219
153	-1	6	2	0.00025042	0.0158246642934376	0.0158247	-3.60133	562
154	-1	6	2	0.00025042	0.0158246642934376	0.0158247	-3.60133	890
155	-1	8	3	0.00025038	0.0158234003930887	0.0158234	-3.6014	2
156	-1	8	3	0.00025038	0.0158234003930887	0.0158234	-3.6014	401
157	7	8	2	0.00025038	0.0158234003930887	0.0158234	-3.6014	761
158	-1	8	2	0.00025036	0.0158227684050548	0.0158228	-3.60144	492
159	-1	6	2	0.00025028	0.0158202402004521	0.0158202	-3.60157	645
160	-1	6	2	0.00025028	0.0158202402004521	0.0158202	-3.60157	139
161	-1	8	2	0.00025014	0.0158158148699332	0.0158158	-3.60182	614
162	6	8	3	0.0002501	0.0158145502623375	0.0158146	-3.60189	109
163	-1	8	3	0.00024984	0.0158063278467834	0.0158063	-3.60234	203
164	-1	8	2	0.0002498	0.0158050624801043	0.0158051	-3.60241	575
165	4	4	2	0.0002498	0.0158050624801043	0.0158051	-3.60241	13
166	6	6	2	0.00024978	0.0158044297587733	0.0158044	-3.60244	787
167	2	6	2	0.00024978	0.0158044297587733	0.0158044	-3.60244	436
168	-1	6	2	0.00024974	0.0158031642401134	0.0158032	-3.60251	274
169	6	8	3	0.00024974	0.0158031642401134	0.0158032	-3.60251	793
170	-1	8	2	0.00024972	0.0158025314427784	0.0158025	-3.60255	339
171	-1	6	2	0.0002497	0.0158018986201026	0.0158019	-3.60258	202
172	6	8	3	0.00024968	0.0158012657720829	0.0158013	-3.60262	800
173	-1	6	2	0.00024964	0.0158	0.0158	-3.60269	472
174	4	8	3	0.00024962	0.0157993670759306	0.0157994	-3.60272	68
175	3	8	3	0.00024958	0.0157981011517207	0.0157981	-3.60279	537
176	2	8	3	0.00024958	0.0157981011517207	0.0157981	-3.60279	455
177	-1	8	2	0.00024956	0.0157974681515742	0.0157975	-3.60283	309
178	-1	6	2	0.00024956	0.0157974681515742	0.0157975	-3.60283	265
179	-1	8	3	0.00024956	0.0157974681515742	0.0157975	-3.60283	102
180	-1	8	2	0.00024954	0.0157968351260624	0.0157968	-3.60286	46
181	1	6	1	0.00024954	0.0157968351260624	0.0157968	-3.60286	898
182	-1	8	2	0.00024948	0.0157949358973058	0.0157949	-3.60296	762
183	2	8	3	0.00024946	0.015794302770303	0.0157943	-3.603	414
184	-1	8	2	0.00024946	0.015794302770303	0.0157943	-3.603	592
185	-1	8	2	0.00024946	0.015794302770303	0.0157943	-3.603	63
186	-1	8	3	0.00024942	0.015793036440153	0.015793	-3.60307	849
187	-1	8	2	0.0002494	0.0157924032369997	0.0157924	-3.6031	363
188	-1	6	2	0.00024936	0.0157911367545215	0.0157911	-3.60317	933
189	-1	8	3	0.00024934	0.0157905034751904	0.0157905	-3.60321	852
190	6	8	3	0.00024934	0.0157905034751904	0.0157905	-3.60321	905
191	-1	8	3	0.00024926	0.0157879701038481	0.015788	-3.60335	86
192	4	8	2	0.00024916	0.0157848028179005	0.0157848	-3.60352	241
193	-1	8	3	0.00024908	0.0157822685314881	0.0157823	-3.60366	122
194	7	6	2	0.00024904	0.0157810012356631	0.015781	-3.60373	892
195	3	8	3	0.00024902	0.0157803675495851	0.0157804	-3.60377	388
196	2	8	3	0.00024902	0.0157803675495851	0.0157804	-3.60377	416
197	-1	8	3	0.00024902	0.0157803675495851	0.0157804	-3.60377	542
198	7	6	2	0.000249	0.0157797338380595	0.0157797	-3.6038	897
199	-1	6	2	0.00024886	0.0157752971445865	0.0157753	-3.60404	655
200	-1	6	2	0.00024886	0.0157752971445865	0.0157753	-3.60404	690
201	-1	8	3	0.0002488	0.0157733953225043	0.0157734	-3.60415	833
202	6	8	3	0.0002488	0.0157733953225043	0.0157734	-3.60415	870
203	4	6	2	0.00024878	0.0157727613308514	0.0157728	-3.60418	709
204	4	4	2	0.00024872	0.0157708592029731	0.0157709	-3.60429	22
205	6	8	3	0.0002487	0.0157702251093635	0.0157702	-3.60432	842
206	-1	8	2	0.00024868	0.0157695909902572	0.0157696	-3.60436	312
207	-1	8	3	0.00024868	0.0157695909902572	0.0157696	-3.60436	509
208	4	8	3	0.00024866	0.0157689568456509	0.015769	-3.60439	38
209	6	8	3	0.00024864	0.0157683226755416	0.0157683	-3.60443	716
210	-1	8	3	0.0002486	0.0157670542588018	0.0157671	-3.6045	347
211	5	6	2	0.00024858	0.0157664200121651	0.0157664	-3.60453	841
212	-1	6	2	0.00024856	0.0157657857400131	0.0157658	-3.60457	739
213	6	8	2	0.00024852	0.0157645171191508	0.0157645	-3.60464	792
214	8	8	3	0.0002485	0.0157638827704344	0.0157639	-3.60467	494
215	-1	8	3	0.0002485	0.0157638827704344	0.0157639	-3.60467	226
216	-1	6	2	0.00024848	0.0157632483961904	0.0157632	-3.60471	702
217	5	8	3	0.00024846	0.0157626139964157	0.0157626	-3.60474	781
218	5	8	3	0.0002484	0.0157607106438764	0.0157607	-3.60485	732
219	8	8	2	0.0002484	0.0157607106438764	0.0157607	-3.60485	628
220	-1	6	2	0.00024838	0.015760076141948	0.0157601	-3.60488	508
221	-1	8	3	0.00024834	0.0157588070614498	0.0157588	-3.60495	540
222	-1	6	2	0.0002483	0.0157575378787424	0.0157575	-3.60502	211
223	-1	6	2	0.00024826	0.015756268593801	0.0157563	-3.60509	157
224	-1	8	3	0.00024824	0.0157556339129849	0.0157556	-3.60513	776
225	2	8	3	0.00024822	0.0157549992066011	0.015755	-3.60516	417
226	-1	6	2	0.00024804	0.015749285698088	0.0157493	-3.60548	700
227	-1	8	3	0.00024802	0.0157486507358567	0.0157487	-3.60551	132
228	1	6	1	0.000248	0.0157480157480236	0.015748	-3.60555	760
229	-1	6	2	0.00024798	0.0157473807345857	0.0157474	-3.60558	121
230	3	8	2	0.00024796	0.0157467456955398	0.0157467	-3.60562	461
231	-1	8	3	0.00024794	0.0157461106308828	0.0157461	-3.60565	107
232	2	6	2	0.00024792	0.0157454755406117	0.0157455	-3.60569	580
233	-1	6	2	0.0002479	0.0157448404247233	0.0157448	-3.60572	130
234	8	8	2	0.00024788	0.0157442052832145	0.0157442	-3.60576	378
235	-1	6	2	0.00024784	0.0157429349233235	0.0157429	-3.60583	85
236	-1	8	3	0.0002478	0.0157416644609139	0.0157417	-3.6059	73
237	-1	8	2	0.00024778	0.0157410291912568	0.015741	-3.60593	234
238	-1	8	2	0.00024772	0.0157391232284394	0.0157391	-3.60604	216
239	1	6	1	0.00024772	0.0157391232284394	0.0157391	-3.60604	899
240	1	6	1	0.00024764	0.0157365815855922	0.0157366	-3.60618	748
241	-1	8	3	0.00024762	0.0157359461107364	0.0157359	-3.60621	224
242	-1	6	2	0.0002476	0.0157353106102168	0.0157353	-3.60625	9
243	1	8	1	0.00024758	0.0157346750840302	0.0157347	-3.60628	756
244	-1	8	3	0.00024758	0.0157346750840302	0.0157347	-3.60628	266
245	2	8	3	0.00024756	0.0157340395321736	0.015734	-3.60632	422
246	-1	8	2	0.00024752	0.0157327683514377	0.0157328	-3.60639	620
247	-1	8	2	0.00024748	0.0157314970679843	0.0157315	-3.60646	629
248	-1	8	3	0.00024742	0.0157295899501545	0.0157296	-3.60657	14
249	1	4	1	0.00024734	0.0157270467666374	0.015727	-3.60671	661
250	-1	6	2	0.00024734	0.0157270467666374	0.015727	-3.60671	184
251	-1	8	2	0.00024732	0.0157264109064974	0.0157264	-3.60674	306
252	7	6	2	0.0002473	0.0157257750206468	0.0157258	-3.60678	753
253	-1	6	2	0.00024726	0.0157245031718016	0.0157245	-3.60685	691
254	-1	8	3	0.00024724	0.0157238672088008	0.0157239	-3.60688	352
255	6	8	3	0.00024716	0.0157213230995359	0.0157213	-3.60702	807
256	-1	6	2	0.00024714	0.0157206870078887	0.0157207	-3.60706	913
257	8	8	3	0.00024712	0.0157200508905029	0.0157201	-3.60709	316
258	7	8	3	0.00024708	0.0157187785785028	0.0157188	-3.60716	587
259	-1	8	2	0.00024706	0.0157181423838824	0.0157181	-3.6072	249
260	3	8	2	0.00024702	0.015716869917385	0.0157169	-3.60727	619
261	-1	6	2	0.000247	0.0157162336455017	0.0157162	-3.6073	708
262	-1	6	2	0.00024696	0.0157149610244506	0.015715	-3.60737	942
263	2	6	2	0.00024694	0.0157143246752764	0.0157143	-3.60741	382
264	-1	8	2	0.0002469	0.0157130518996152	0.0157131	-3.60748	30
265	5	8	3	0.00024682	0.0157105060389537	0.0157105	-3.60762	871
266	-1	8	3	0.0002468	0.0157098695093244	0.0157099	-3.60765	527
267	-1	8	2	0.0002468	0.0157098695093244	0.0157099	-3.60765	303
268	-1	8	3	0.00024678	0.0157092329539033	0.0157092	-3.60769	473
269	-1	8	3	0.00024678	0.0157092329539033	0.0157092	-3.60769	185
270	-1	8	2	0.00024674	0.0157079597656729	0.015708	-3.60776	57
271	8	6	2	0.00024674	0.0157079597656729	0.015708	-3.60776	943
272	-1	8	3	0.00024672	0.0157073231328575	0.0157073	-3.6078	69
273	8	6	2	0.00024672	0.0157073231328575	0.0157073	-3.6078	936
274	-1	8	3	0.00024672	0.0157073231328575	0.0157073	-3.6078	815
275	-1	8	2	0.0002467	0.0157066864742377	0.0157067	-3.60783	259
276	-1	8	2	0.0002466	0.0157035027939629	0.0157035	-3.60801	341
277	-1	8	2	0.0002465	0.0157003184681076	0.0157003	-3.60818	305
278	-1	8	3	0.00024646	0.0156990445569149	0.015699	-3.60825	383
279	-1	8	2	0.00024642	0.0156977705423414	0.0156978	-3.60832	501
280	-1	8	2	0.0002464	0.0156971334962789	0.0156971	-3.60836	61
281	4	8	2	0.00024638	0.0156964964243617	0.0156965	-3.60839	304
282	7	8	2	0.00024618	0.0156901242824906	0.0156901	-3.60875	632
283	2	6	2	0.00024618	0.0156901242824906	0.0156901	-3.60875	517
284	4	8	3	0.00024618	0.0156901242824906	0.0156901	-3.60875	131
285	-1	8	3	0.0002461	0.0156875747010174	0.0156876	-3.60889	78
286	-1	8	3	0.00024608	0.0156869372409021	0.0156869	-3.60892	227
287	-1	6	3	0.00024604	0.015685662242953	0.0156857	-3.60899	349
288	5	8	3	0.00024596	0.0156831119360923	0.0156831	-3.60914	857
289	-1	8	2	0.00024594	0.0156824742945748	0.0156825	-3.60917	260
290	-1	8	3	0.00024594	0.0156824742945748	0.0156825	-3.60917	242
291	4	8	2	0.00024594	0.0156824742945748	0.0156825	-3.60917	314
292	7	8	3	0.00024586	0.015679923469201	0.0156799	-3.60931	282
293	5	8	2	0.00024584	0.0156792856980157	0.0156793	-3.60935	662
294	5	8	3	0.00024578	0.0156773722287889	0.0156774	-3.60945	788
295	-1	8	2	0.00024568	0.0156741825943173	0.0156742	-3.60963	35
296	6	6	2	0.0002456	0.0156716304193278	0.0156716	-3.60977	904
297	-1	6	2	0.00024554	0.0156697160152952	0.0156697	-3.60988	883
298	-1	8	2	0.00024548	0.0156678013773471	0.0156678	-3.60998	449
299	-1	6	2	0.00024548	0.0156678013773471	0.0156678	-3.60998	747
300	8	6	2	0.00024546	0.0156671631127017	0.0156672	-3.61002	324
301	8	8	2	0.00024544	0.0156665248220529	0.0156665	-3.61005	623
302	3	8	3	0.00024538	0.0156646097940549	0.0156646	-3.61016	393
303	-1	8	3	0.00024534	0.0156633329786479	0.0156633	-3.61023	95
304	5	8	3	0.00024532	0.0156626945319124	0.0156627	-3.61027	853
305	2	8	3	0.00024528	0.0156614175603615	0.0156614	-3.61034	173
306	8	6	2	0.00024522	0.0156595019077875	0.0156595	-3.61044	891
307	1	8	1	0.00024522	0.0156595019077875	0.0156595	-3.61044	677
308	-1	6	2	0.0002451	0.0156556698994326	0.0156557	-3.61066	724
309	4	8	3	0.0002451	0.0156556698994326	0.0156557	-3.61066	37
310	-1	6	2	0.00024506	0.0156543923548632	0.0156544	-3.61073	647
311	5	8	3	0.00024494	0.0156505590954445	0.0156506	-3.61094	725
312	-1	6	2	0.00024494	0.0156505590954445	0.0156506	-3.61094	703
313	-1	6	2	0.00024492	0.0156499201275917	0.0156499	-3.61098	934
314	-1	8	2	0.00024492	0.0156499201275917	0.0156499	-3.61098	255
315	5	8	3	0.00024488	0.0156486421136148	0.0156486	-3.61105	795
316	6	8	3	0.00024484	0.0156473639952549	0.0156474	-3.61112	867
317	7	6	2	0.00024484	0.0156473639952549	0.0156474	-3.61112	648
318	4	8	3	0.00024482	0.0156467248969233	0.0156467	-3.61115	162
319	-1	8	3	0.0002448	0.0156460857724864	0.0156461	-3.61119	354
320	5	8	3	0.0002447	0.0156428897586092	0.0156429	-3.61137	921
321	1	4	1	0.0002447	0.0156428897586092	0.0156429	-3.61137	652
322	-1	8	2	0.00024466	0.0156416111702088	0.0156416	-3.61144	668
323	-1	8	3	0.0002446	0.0156396930916179	0.0156397	-3.61154	384
324	8	6	2	0.00024458	0.0156390536798107	0.0156391	-3.61158	937
325	2	6	2	0.00024454	0.0156377747777617	0.0156378	-3.61165	454
326	-1	8	2	0.00024454	0.0156377747777617	0.0156378	-3.61165	286
327	2	8	3	0.00024452	0.0156371352875135	0.0156371	-3.61169	555
328	1	8	1	0.0002445	0.0156364957711119	0.0156365	-3.61172	251
329	-1	8	3	0.00024446	0.0156352166598356	0.0156352	-3.61179	289
330	8	8	2	0.00024442	0.0156339374439071	0.0156339	-3.61186	300
331	-1	6	2	0.00024434	0.0156313786979908	0.0156314	-3.61201	685
332	-1	8	3	0.00024432	0.0156307389460639	0.0156307	-3.61204	165
333	-1	8	3	0.0002443	0.0156300991679516	0.0156301	-3.61208	478
334	-1	8	3	0.00024422	0.0156275397935824	0.0156275	-3.61222	510
335	-1	8	2	0.0002442	0.015626899884494	0.0156269	-3.61225	443
336	-1	8	2	0.00024418	0.0156262599492009	0.0156263	-3.61229	361
337	-1	6	3	0.00024408	0.0156230598795498	0.0156231	-3.61247	25
338	3	8	3	0.000244	0.0156204993518133	0.0156205	-3.61261	534
339	-1	6	2	0.00024398	0.0156198591542946	0.0156199	-3.61265	746
340	-1	8	3	0.00024396	0.0156192189305355	0.0156192	-3.61268	140
341	-1	6	2	0.00024378	0.0156134557353585	0.0156135	-3.613	701
342	-1	8	3	0.00024378	0.0156134557353585	0.0156135	-3.613	410
343	1	8	1	0.00024376	0.015612815249019	0.0156128	-3.61304	503
344	-1	8	3	0.00024376	0.015612815249019	0.0156128	-3.61304	151
345	8	8	2	0.00024374	0.0156121747364036	0.0156122	-3.61307	495
346	-1	6	2	0.00024374	0.0156121747364036	0.0156122	-3.61307	640
347	-1	8	2	0.00024372	0.0156115341975092	0.0156115	-3.61311	287
348	5	8	3	0.00024364	0.0156089717790763	0.015609	-3.61325	394
349	-1	8	3	0.00024362	0.0156083311087381	0.0156083	-3.61329	770
350	2	8	3	0.00024362	0.0156083311087381	0.0156083	-3.61329	329
351	5	8	3	0.00024356	0.0156064089399195	0.0156064	-3.61339	863
352	6	6	2	0.00024356	0.0156064089399195	0.0156064	-3.61339	715
353	-1	8	2	0.00024352	0.0156051273625049	0.0156051	-3.61347	488
354	7	8	3	0.00024348	0.0156038456798316	0.0156038	-3.61354	285
355	3	8	2	0.00024342	0.0156019229584048	0.0156019	-3.61364	618
356	-1	8	2	0.0002434	0.0156012819986051	0.0156013	-3.61368	47
357	-1	8	3	0.00024336	0.0156	0.0156	-3.61375	467
358	3	8	2	0.00024336	0.0156	0.0156	-3.61375	465
359	-1	8	3	0.00024326	0.0155967945424693	0.0155968	-3.61393	23
360	-1	6	2	0.00024322	0.0155955121749816	0.0155955	-3.614	927
361	-1	6	2	0.0002431	0.0155916644396934	0.0155917	-3.61422	928
362	-1	8	2	0.00024306	0.0155903816502355	0.0155904	-3.61429	627
363	-1	8	2	0.00024304	0.0155897402159241	0.0155897	-3.61432	60
364	5	8	2	0.000243	0.0155884572681199	0.0155885	-3.61439	855
365	2	6	2	0.0002429	0.0155852494365666	0.0155852	-3.61457	400
366	-1	8	3	0.00024286	0.0155839661190597	0.015584	-3.61464	146
367	-1	6	2	0.00024282	0.0155826826958647	0.0155827	-3.61472	744
368	5	6	2	0.00024268	0.0155781898820113	0.0155782	-3.61497	832
369	8	8	2	0.00024266	0.0155775479456813	0.0155775	-3.615	297
370	4	8	2	0.00024252	0.0155730536504566	0.0155731	-3.61525	466
371	-1	8	2	0.00024232	0.015566630977832	0.0155666	-3.61561	243
372	1	6	1	0.00024232	0.015566630977832	0.0155666	-3.61561	823
373	-1	8	3	0.00024232	0.015566630977832	0.0155666	-3.61561	780
374	-1	6	2	0.00024228	0.0155653461252874	0.0155653	-3.61568	710
375	1	8	1	0.00024214	0.0155608483059247	0.0155608	-3.61593	246
376	-1	8	3	0.00024198	0.0155557063484755	0.0155557	-3.61622	480
377	-1	8	3	0.00024196	0.0155550634842806	0.0155551	-3.61626	150
378	6	8	2	0.00024182	0.0155505626907839	0.0155506	-3.61651	653
379	-1	8	2	0.0002418	0.0155499196139401	0.0155499	-3.61654	612
380	-1	6	2	0.00024174	0.0155479902238199	0.015548	-3.61665	526
381	3	8	3	0.0002417	0.015546703830716	0.0155467	-3.61672	599
382	-1	8	2	0.0002416	0.0155434873821804	0.0155435	-3.6169	33
383	-1	6	2	0.00024148	0.0155396267651446	0.0155396	-3.61712	944
384	-1	8	2	0.00024146	0.0155389832357204	0.015539	-3.61715	459
385	8	8	2	0.00024136	0.0155357651887508	0.0155358	-3.61733	585
386	-1	6	3	0.00024132	0.0155344777833051	0.0155345	-3.61741	18
387	-1	6	2	0.00024126	0.0155325464750633	0.0155325	-3.61751	935
388	-1	8	3	0.00024126	0.0155325464750633	0.0155325	-3.61751	158
389	1	8	1	0.00024104	0.0155254629560603	0.0155255	-3.61791	678
390	3	6	2	0.00024088	0.015520309275269	0.0155203	-3.6182	598
391	-1	8	3	0.00024072	0.0155151538825756	0.0155152	-3.61849	548
392	7	6	2	0.0002406	0.015511286213593	0.0155113	-3.6187	754
393	-1	8	3	0.00024058	0.0155106415083323	0.0155106	-3.61874	275
394	5	8	3	0.00024052	0.0155087072317457	0.0155087	-3.61885	914
395	-1	8	2	0.00024034	0.0155029029539632	0.0155029	-3.61917	197
396	7	6	2	0.00024018	0.0154977417709807	0.0154977	-3.61946	657
397	-1	8	2	0.00024	0.0154919333848297	0.0154919	-3.61979	126
398	-1	8	2	0.00023952	0.0154764336977225	0.0154764	-3.62066	593
399	5	6	2	0.00023916	0.0154647987377786	0.0154648	-3.62131	877
400	-1	8	2	0.0002385	0.0154434452114805	0.0154434	-3.62251	335
401	2	4	2	0.00023794	0.0154253038867959	0.0154253	-3.62353	328
402	-1	8	3	0.00023764	0.0154155765380345	0.0154156	-3.62408	538
403	3	8	3	0.00023742	0.0154084392460755	0.0154084	-3.62448	606
404	2	8	3	0.00023558	0.0153486155727479	0.0153486	-3.62786	424
405	-1	8	2	0.00012028	0.0109672238966842	0.0109672	-3.91981	311
406	3	8	3	0.00011842	0.0108820953864594	0.0108821	-3.92657	572
407	-1	6	2	0.00011734	0.0108323589305377	0.0108324	-3.93055	699
408	-1	6	2	0.00011728	0.0108295890965447	0.0108296	-3.93078	256
409	8	8	2	0.00011728	0.0108295890965447	0.0108296	-3.93078	323
410	-1	8	2	0.00011712	0.0108221994067749	0.0108222	-3.93137	195
411	2	8	3	0.00011672	0.0108037030688556	0.0108037	-3.93285	421
412	1	4	1	0.00011666	0.0108009258862377	0.0108009	-3.93308	886
413	5	8	3	0.00011654	0.0107953693776545	0.0107954	-3.93352	869
414	-1	8	2	0.00011652	0.0107944430148109	0.0107944	-3.9336	3
415	1	4	1	0.00011644	0.010790736768173	0.0107907	-3.9339	706
416	2	6	2	0.00011622	0.0107805380199691	0.0107805	-3.93472	535
417	3	8	2	0.0001161	0.0107749709976408	0.010775	-3.93517	491
418	-1	6	2	0.00011578	0.0107601115235856	0.0107601	-3.93637	674
419	4	8	2	0.00011578	0.0107601115235856	0.0107601	-3.93637	232
420	1	6	1	0.00011572	0.0107573230870882	0.0107573	-3.93659	616
421	-1	6	2	0.00011568	0.010755463727799	0.0107555	-3.93674	707
422	-1	6	2	0.00011562	0.0107526740860123	0.0107527	-3.93697	220
423	2	8	3	0.00011556	0.0107498837203013	0.0107499	-3.93719	428
424	4	6	2	0.00011552	0.0107480230740355	0.010748	-3.93734	736
425	3	8	2	0.00011548	0.0107461621056078	0.0107462	-3.93749	464
426	-1	8	3	0.00011538	0.0107415082739809	0.0107415	-3.93787	106
427	-1	8	3	0.00011534	0.0107396461766671	0.0107396	-3.93802	543
428	-1	8	3	0.0001153	0.0107377837564369	0.0107378	-3.93817	176
429	-1	8	2	0.00011528	0.0107368524251756	0.0107369	-3.93825	573
430	7	8	3	0.0001152	0.010733126291999	0.0107331	-3.93855	446
431	-1	8	2	0.00011514	0.010730330842989	0.0107303	-3.93877	59
432	7	6	2	0.00011512	0.0107293988648013	0.0107294	-3.93885	941
433	3	8	2	0.0001151	0.0107284668056531	0.0107285	-3.93892	611
434	4	8	2	0.00011508	0.0107275346655231	0.0107275	-3.939	225
435	7	6	2	0.00011504	0.0107256701422335	0.0107257	-3.93915	752
436	2	6	3	0.00011498	0.0107228727494082	0.0107229	-3.93938	427
437	4	8	2	0.00011496	0.0107219401229442	0.0107219	-3.93945	288
438	5	8	3	0.00011494	0.0107210074153505	0.010721	-3.93953	794
439	4	8	3	0.0001149	0.0107191417566893	0.0107191	-3.93968	44
440	-1	6	2	0.00011482	0.0107154094648781	0.0107154	-3.93998	340
441	-1	6	2	0.0001148	0.0107144761887831	0.0107145	-3.94006	301
442	-1	8	3	0.0001148	0.0107144761887831	0.0107145	-3.94006	100
443	-1	4	2	0.00011478	0.0107135428313887	0.0107135	-3.94013	742
444	-1	6	2	0.00011478	0.0107135428313887	0.0107135	-3.94013	926
445	3	8	2	0.0001147	0.0107098085883922	0.0107098	-3.94044	605
446	3	8	2	0.0001146	0.0107051389528581	0.0107051	-3.94082	500
447	-1	8	2	0.00011456	0.0107032705282077	0.0107033	-3.94097	477
448	1	4	1	0.00011456	0.0107032705282077	0.0107033	-3.94097	697
449	8	6	2	0.00011454	0.0107023361935607	0.0107023	-3.94104	333
450	-1	8	2	0.0001145	0.0107004672795163	0.0107005	-3.94119	221
451	-1	6	2	0.00011448	0.0106995327000762	0.0106995	-3.94127	445
452	3	8	3	0.00011444	0.0106976632962531	0.0106977	-3.94142	590
453	4	8	3	0.00011438	0.0106948585778401	0.0106949	-3.94165	194
454	5	8	3	0.00011436	0.0106939235082359	0.0106939	-3.94173	799
455	7	6	2	0.00011434	0.0106929883568626	0.010693	-3.9418	698
456	3	8	2	0.00011432	0.0106920531236989	0.0106921	-3.94188	617
457	-1	8	2	0.00011424	0.0106883113727099	0.0106883	-3.94218	362
458	6	6	2	0.00011416	0.0106845683113545	0.0106846	-3.94249	76
459	1	6	1	0.00011416	0.0106845683113545	0.0106846	-3.94249	693
460	-1	8	3	0.00011412	0.0106826962888589	0.0106827	-3.94264	169
461	1	6	1	0.0001141	0.0106817601545813	0.0106818	-3.94271	683
462	6	6	2	0.00011408	0.010680823938255	0.0106808	-3.94279	805
463	3	8	3	0.00011406	0.0106798876398584	0.0106799	-3.94287	554
464	-1	8	2	0.00011406	0.0106798876398584	0.0106799	-3.94287	248
465	8	8	2	0.000114	0.0106770782520313	0.0106771	-3.9431	567
466	2	8	3	0.00011398	0.0106761416251378	0.0106761	-3.94317	415
467	-1	6	2	0.00011396	0.010675204916066	0.0106752	-3.94325	888
468	-1	6	2	0.00011394	0.0106742681247943	0.0106743	-3.94332	667
469	-1	6	2	0.00011388	0.0106714572575633	0.0106715	-3.94355	193
470	-1	8	3	0.00011388	0.0106714572575633	0.0106715	-3.94355	233
471	5	8	3	0.0001138	0.0106677082824757	0.0106677	-3.94386	858
472	2	6	3	0.0001137	0.0106630202100531	0.010663	-3.94424	553
473	7	6	2	0.0001137	0.0106630202100531	0.010663	-3.94424	638
474	1	6	1	0.0001137	0.0106630202100531	0.010663	-3.94424	882
475	-1	8	2	0.00011368	0.0106620823482095	0.0106621	-3.94432	8
476	-1	8	3	0.00011366	0.0106611444038621	0.0106611	-3.94439	353
477	4	8	2	0.00011358	0.010657391800999	0.0106574	-3.9447	479
478	1	4	1	0.00011354	0.010655515003978	0.0106555	-3.94485	895
479	-1	6	2	0.00011352	0.0106545764814938	0.0106546	-3.94493	54
480	-1	6	2	0.00011352	0.0106545764814938	0.0106546	-3.94493	919
481	8	8	2	0.0001135	0.0106536378763313	0.0106536	-3.945	189
482	6	6	3	0.00011348	0.0106526991884686	0.0106527	-3.94508	112
483	-1	8	3	0.00011342	0.0106498826284612	0.0106499	-3.94531	77
484	-1	8	2	0.00011338	0.0106480045078879	0.010648	-3.94546	239
485	-1	8	2	0.00011334	0.0106461260559886	0.0106461	-3.94562	32
486	7	8	3	0.00011334	0.0106461260559886	0.0106461	-3.94562	302
487	3	8	3	0.00011332	0.010645186705737	0.0106452	-3.94569	626
488	7	6	2	0.0001133	0.0106442472725881	0.0106442	-3.94577	743
489	5	8	3	0.00011328	0.0106433077565201	0.0106433	-3.94585	862
490	3	8	2	0.00011326	0.0106423681575108	0.0106424	-3.94592	603
491	-1	8	3	0.00011324	0.0106414284755384	0.0106414	-3.946	359
492	-1	6	2	0.00011324	0.0106414284755384	0.0106414	-3.946	238
493	3	6	2	0.00011324	0.0106414284755384	0.0106414	-3.946	589
494	-1	6	2	0.0001132	0.0106395488626163	0.0106395	-3.94615	737
495	1	4	1	0.00011314	0.0106367288204598	0.0106367	-3.94638	58
496	-1	6	2	0.00011314	0.0106367288204598	0.0106367	-3.94638	377
497	4	8	2	0.0001131	0.0106348483769163	0.0106348	-3.94654	295
498	-1	6	2	0.00011308	0.0106339080304468	0.0106339	-3.94661	925
499	-1	6	2	0.00011308	0.0106339080304468	0.0106339	-3.94661	34
500	-1	6	2	0.00011308	0.0106339080304468	0.0106339	-3.94661	283
501	-1	6	2	0.00011302	0.0106310864919819	0.0106311	-3.94684	463
502	1	4	1	0.000113	0.0106301458127346	0.0106301	-3.94692	373
503	3	8	3	0.00011288	0.0106244999882347	0.0106245	-3.94738	610
504	7	6	2	0.00011284	0.0106226173799116	0.0106226	-3.94754	887
505	1	2	1	0.00011282	0.010621675950621	0.0106217	-3.94761	643
506	5	6	2	0.0001128	0.0106207344378814	0.0106207	-3.94769	850
507	2	6	2	0.0001128	0.0106207344378814	0.0106207	-3.94769	148
508	8	8	2	0.00011266	0.0106141415102683	0.0106141	-3.94823	317
509	4	6	2	0.00011266	0.0106141415102683	0.0106141	-3.94823	730
510	1	2	1	0.00011264	0.0106131993291373	0.0106132	-3.94831	688
511	-1	8	3	0.00011258	0.0106103722837608	0.0106104	-3.94854	485
512	-1	6	2	0.00011256	0.0106094297678999	0.0106094	-3.94862	27
513	2	6	3	0.00011254	0.0106084871683007	0.0106085	-3.94869	175
514	7	6	2	0.00011252	0.0106075444849409	0.0106075	-3.94877	896
515	3	6	2	0.00011246	0.0106047159320747	0.0106047	-3.949	625
516	5	8	3	0.00011246	0.0106047159320747	0.0106047	-3.949	851
517	4	8	3	0.00011244	0.0106037729134492	0.0106038	-3.94908	257
518	1	6	1	0.00011242	0.0106028298109514	0.0106028	-3.94916	310
519	-1	8	3	0.00011232	0.0105981130395934	0.0105981	-3.94954	113
520	-1	8	2	0.00011232	0.0105981130395934	0.0105981	-3.94954	447
521	8	8	2	0.00011224	0.0105943381105192	0.0105943	-3.94985	252
522	-1	8	2	0.00011224	0.0105943381105192	0.0105943	-3.94985	291
523	-1	8	2	0.00011222	0.0105933941680653	0.0105934	-3.94993	258
524	1	4	1	0.00011218	0.0105915060307777	0.0105915	-3.95008	31
525	3	8	3	0.00011216	0.010590561835899	0.0105906	-3.95016	536
526	4	8	3	0.00011212	0.0105886731935592	0.0105887	-3.95032	39
527	7	6	2	0.00011212	0.0105886731935592	0.0105887	-3.95032	689
528	7	8	3	0.00011202	0.0105839501132611	0.010584	-3.9507	284
529	-1	8	2	0.00011194	0.0105801701309573	0.0105802	-3.95101	338
530	8	6	2	0.00011192	0.0105792249243506	0.0105792	-3.95109	369
531	-1	4	2	0.00011182	0.0105744976240009	0.0105745	-3.95148	646
532	3	8	2	0.00011182	0.0105744976240009	0.0105745	-3.95148	374
533	6	8	3	0.00011176	0.010571660229122	0.0105717	-3.95171	779
534	-1	8	2	0.00011176	0.010571660229122	0.0105717	-3.95171	368
535	-1	8	3	0.00011172	0.010569768209379	0.0105698	-3.95187	547
536	2	6	2	0.0001117	0.0105688220724923	0.0105688	-3.95195	391
537	-1	8	2	0.00011162	0.0105650366776458	0.010565	-3.95226	53
538	5	6	2	0.0001116	0.0105640901169954	0.0105641	-3.95234	868
539	-1	6	2	0.00011156	0.0105621967412087	0.0105622	-3.95249	490
540	-1	6	2	0.00011154	0.0105612499260267	0.0105612	-3.95257	729
541	1	6	1	0.00011154	0.0105612499260267	0.0105612	-3.95257	676
542	-1	6	2	0.00011142	0.0105555672514555	0.0105556	-3.95304	918
543	1	6	1	0.00011138	0.0105536723466289	0.0105537	-3.95319	247
544	1	4	1	0.00011134	0.0105517771015123	0.0105518	-3.95335	931
545	7	6	2	0.00011128	0.0105489335953925	0.0105489	-3.95358	644
546	4	8	2	0.00011124	0.0105470374987482	0.010547	-3.95374	484
547	4	8	2	0.00011122	0.0105460893225878	0.0105461	-3.95382	228
548	-1	8	2	0.00011098	0.0105347045520983	0.0105347	-3.95476	48
549	-1	8	3	0.00011098	0.0105347045520983	0.0105347	-3.95476	164
550	4	8	3	0.00011096	0.010533755265811	0.0105338	-3.95483	296
551	2	8	3	0.00011086	0.0105290075505719	0.010529	-3.95523	392
552	-1	8	3	0.00011078	0.0105252078364277	0.0105252	-3.95554	149
553	6	6	2	0.00011074	0.010523307464861	0.0105233	-3.9557	778
554	8	8	2	0.00011058	0.0105157025442906	0.0105157	-3.95632	441
555	3	6	2	0.00011042	0.0105080921198855	0.0105081	-3.95695	571
556	-1	6	2	0.0001104	0.010507140429251	0.0105071	-3.95703	932
557	1	6	1	0.00011036	0.0105052367893351	0.0105052	-3.95719	499
558	1	4	1	0.00011028	0.0105014284742601	0.0105014	-3.9575	337
559	7	4	2	0.0001101	0.0104928547116597	0.0104929	-3.95821	639
560	-1	4	2	0.00011008	0.0104919016388832	0.0104919	-3.95829	940
561	7	6	2	0.00010998	0.0104871349757691	0.0104871	-3.95869	631
562	-1	4	2	0.00010994	0.0104852277037745	0.0104852	-3.95884	692
563	6	8	3	0.00010946	0.0104623133197205	0.0104623	-3.96074	806
564	-1	6	2	0.0001092	0.0104498803820905	0.0104499	-3.96178	62
565	7	4	2	0.00010804	0.010394229168149	0.0103942	-3.96642	684
566	1	4	1	0.00010762	0.0103740059764779	0.010374	-3.96811	751
567	-1	8	3	1.68e-06	0.00129614813968157	0.00129615	-5.77469	398
568	-1	8	3	1.6e-06	0.00126491106406735	0.00126491	-5.79588	174
569	-1	8	2	1.58e-06	0.00125698050899765	0.00125698	-5.80134	308
570	-1	8	2	1.58e-06	0.00125698050899765	0.00125698	-5.80134	642
571	-1	8	3	1.58e-06	0.00125698050899765	0.00125698	-5.80134	722
572	-1	8	2	1.56e-06	0.00124899959967968	0.001249	-5.80688	307
573	-1	8	3	1.56e-06	0.00124899959967968	0.001249	-5.80688	24
574	-1	8	3	1.56e-06	0.00124899959967968	0.001249	-5.80688	879
575	-1	8	3	1.54e-06	0.00124096736459909	0.00124097	-5.81248	236
576	-1	8	2	1.54e-06	0.00124096736459909	0.00124097	-5.81248	397
577	-1	8	2	1.54e-06	0.00124096736459909	0.00124097	-5.81248	844
578	-1	8	3	1.52e-06	0.0012328828005938	0.00123288	-5.81816	144
579	-1	8	3	1.48e-06	0.00121655250605964	0.00121655	-5.82974	579
580	-1	8	3	1.48e-06	0.00121655250605964	0.00121655	-5.82974	506
581	-1	8	3	1.48e-06	0.00121655250605964	0.00121655	-5.82974	474
582	-1	8	3	1.48e-06	0.00121655250605964	0.00121655	-5.82974	476
583	-1	8	3	1.48e-06	0.00121655250605964	0.00121655	-5.82974	96
584	-1	8	3	1.46e-06	0.00120830459735946	0.0012083	-5.83565	847
585	-1	8	2	1.46e-06	0.00120830459735946	0.0012083	-5.83565	930
586	-1	8	3	1.46e-06	0.00120830459735946	0.0012083	-5.83565	489
587	-1	8	2	1.46e-06	0.00120830459735946	0.0012083	-5.83565	439
588	-1	8	3	1.46e-06	0.00120830459735946	0.0012083	-5.83565	570
589	-1	8	3	1.44e-06	0.0012	0.0012	-5.84164	253
590	-1	8	3	1.44e-06	0.0012	0.0012	-5.84164	129
591	-1	8	3	1.44e-06	0.0012	0.0012	-5.84164	343
592	-1	8	3	1.44e-06	0.0012	0.0012	-5.84164	181
593	-1	8	2	1.44e-06	0.0012	0.0012	-5.84164	774
594	-1	8	2	1.42e-06	0.0011916375287813	0.00119164	-5.84771	783
595	-1	8	3	1.42e-06	0.0011916375287813	0.00119164	-5.84771	21
596	-1	8	3	1.42e-06	0.0011916375287813	0.00119164	-5.84771	784
597	-1	8	2	1.42e-06	0.0011916375287813	0.00119164	-5.84771	801
598	-1	8	3	1.42e-06	0.0011916375287813	0.00119164	-5.84771	411
599	-1	8	3	1.42e-06	0.0011916375287813	0.00119164	-5.84771	866
600	-1	8	3	1.42e-06	0.0011916375287813	0.00119164	-5.84771	539
601	-1	8	2	1.42e-06	0.0011916375287813	0.00119164	-5.84771	826
602	-1	8	3	1.42e-06	0.0011916375287813	0.00119164	-5.84771	549
603	-1	8	3	1.42e-06	0.0011916375287813	0.00119164	-5.84771	191
604	-1	8	3	1.4e-06	0.00118321595661992	0.00118322	-5.85387	786
605	-1	8	3	1.4e-06	0.00118321595661992	0.00118322	-5.85387	408
606	-1	8	2	1.4e-06	0.00118321595661992	0.00118322	-5.85387	133
607	-1	8	2	1.4e-06	0.00118321595661992	0.00118322	-5.85387	385
608	-1	8	3	1.4e-06	0.00118321595661992	0.00118322	-5.85387	187
609	-1	8	3	1.4e-06	0.00118321595661992	0.00118322	-5.85387	389
610	-1	8	2	1.4e-06	0.00118321595661992	0.00118322	-5.85387	399
611	-1	8	2	1.38e-06	0.00117473401244707	0.00117473	-5.86012	830
612	-1	8	2	1.38e-06	0.00117473401244707	0.00117473	-5.86012	154
613	-1	8	2	1.38e-06	0.00117473401244707	0.00117473	-5.86012	712
614	-1	8	2	1.38e-06	0.00117473401244707	0.00117473	-5.86012	893
615	-1	8	2	1.38e-06	0.00117473401244707	0.00117473	-5.86012	29
616	-1	8	2	1.38e-06	0.00117473401244707	0.00117473	-5.86012	137
617	-1	8	3	1.38e-06	0.00117473401244707	0.00117473	-5.86012	468
618	-1	8	2	1.38e-06	0.00117473401244707	0.00117473	-5.86012	244
619	-1	8	2	1.38e-06	0.00117473401244707	0.00117473	-5.86012	827
620	-1	8	2	1.38e-06	0.00117473401244707	0.00117473	-5.86012	711
621	-1	8	3	1.36e-06	0.00116619037896906	0.00116619	-5.86646	83
622	-1	8	2	1.36e-06	0.00116619037896906	0.00116619	-5.86646	56
623	-1	8	2	1.36e-06	0.00116619037896906	0.00116619	-5.86646	687
624	-1	8	2	1.36e-06	0.00116619037896906	0.00116619	-5.86646	507
625	-1	8	3	1.36e-06	0.00116619037896906	0.00116619	-5.86646	435
626	-1	8	3	1.36e-06	0.00116619037896906	0.00116619	-5.86646	276
627	-1	8	3	1.36e-06	0.00116619037896906	0.00116619	-5.86646	911
628	-1	8	2	1.36e-06	0.00116619037896906	0.00116619	-5.86646	180
629	-1	8	3	1.36e-06	0.00116619037896906	0.00116619	-5.86646	118
630	-1	8	2	1.36e-06	0.00116619037896906	0.00116619	-5.86646	908
631	-1	8	3	1.36e-06	0.00116619037896906	0.00116619	-5.86646	348
632	-1	8	2	1.36e-06	0.00116619037896906	0.00116619	-5.86646	650
633	-1	8	3	1.34e-06	0.00115758369027902	0.00115758	-5.8729	453
634	-1	8	2	1.34e-06	0.00115758369027902	0.00115758	-5.8729	153
635	-1	8	2	1.34e-06	0.00115758369027902	0.00115758	-5.8729	727
636	-1	8	3	1.34e-06	0.00115758369027902	0.00115758	-5.8729	839
637	-1	8	2	1.34e-06	0.00115758369027902	0.00115758	-5.8729	821
638	-1	8	2	1.34e-06	0.00115758369027902	0.00115758	-5.8729	511
639	-1	8	2	1.34e-06	0.00115758369027902	0.00115758	-5.8729	406
640	-1	8	3	1.34e-06	0.00115758369027902	0.00115758	-5.8729	865
641	-1	8	3	1.34e-06	0.00115758369027902	0.00115758	-5.8729	217
642	-1	8	2	1.32e-06	0.00114891252930761	0.00114891	-5.87943	771
643	-1	8	3	1.32e-06	0.00114891252930761	0.00114891	-5.87943	777
644	-1	8	3	1.32e-06	0.00114891252930761	0.00114891	-5.87943	200
645	-1	8	3	1.32e-06	0.00114891252930761	0.00114891	-5.87943	594
646	-1	8	3	1.32e-06	0.00114891252930761	0.00114891	-5.87943	741
647	-1	8	3	1.32e-06	0.00114891252930761	0.00114891	-5.87943	12
648	-1	8	3	1.32e-06	0.00114891252930761	0.00114891	-5.87943	938
649	-1	8	2	1.32e-06	0.00114891252930761	0.00114891	-5.87943	245
650	-1	8	2	1.32e-06	0.00114891252930761	0.00114891	-5.87943	205
651	-1	8	2	1.32e-06	0.00114891252930761	0.00114891	-5.87943	817
652	-1	8	3	1.32e-06	0.00114891252930761	0.00114891	-5.87943	87
653	-1	8	2	1.32e-06	0.00114891252930761	0.00114891	-5.87943	210
654	-1	8	2	1.32e-06	0.00114891252930761	0.00114891	-5.87943	651
655	-1	8	3	1.32e-06	0.00114891252930761	0.00114891	-5.87943	513
656	-1	8	2	1.3e-06	0.00114017542509914	0.00114018	-5.88606	128
657	-1	8	3	1.3e-06	0.00114017542509914	0.00114018	-5.88606	433
658	-1	8	2	1.3e-06	0.00114017542509914	0.00114018	-5.88606	822
659	-1	8	2	1.3e-06	0.00114017542509914	0.00114018	-5.88606	696
660	-1	8	2	1.3e-06	0.00114017542509914	0.00114018	-5.88606	810
661	-1	8	2	1.3e-06	0.00114017542509914	0.00114018	-5.88606	183
662	-1	8	3	1.3e-06	0.00114017542509914	0.00114018	-5.88606	469
663	-1	8	2	1.3e-06	0.00114017542509914	0.00114018	-5.88606	498
664	-1	8	3	1.3e-06	0.00114017542509914	0.00114018	-5.88606	903
665	-1	8	3	1.3e-06	0.00114017542509914	0.00114018	-5.88606	728
666	-1	8	3	1.3e-06	0.00114017542509914	0.00114018	-5.88606	462
667	-1	8	3	1.3e-06	0.00114017542509914	0.00114018	-5.88606	838
668	-1	8	2	1.3e-06	0.00114017542509914	0.00114018	-5.88606	434
669	-1	8	2	1.3e-06	0.00114017542509914	0.00114018	-5.88606	92
670	-1	8	2	1.3e-06	0.00114017542509914	0.00114018	-5.88606	560
671	-1	8	3	1.28e-06	0.00113137084989848	0.00113137	-5.89279	438
672	-1	8	3	1.28e-06	0.00113137084989848	0.00113137	-5.89279	124
673	-1	8	3	1.28e-06	0.00113137084989848	0.00113137	-5.89279	723
674	-1	8	3	1.28e-06	0.00113137084989848	0.00113137	-5.89279	717
675	-1	8	2	1.28e-06	0.00113137084989848	0.00113137	-5.89279	281
676	-1	8	3	1.28e-06	0.00113137084989848	0.00113137	-5.89279	596
677	-1	8	2	1.28e-06	0.00113137084989848	0.00113137	-5.89279	91
678	-1	8	3	1.28e-06	0.00113137084989848	0.00113137	-5.89279	147
679	-1	8	2	1.28e-06	0.00113137084989848	0.00113137	-5.89279	214
680	-1	8	3	1.28e-06	0.00113137084989848	0.00113137	-5.89279	818
681	-1	8	3	1.28e-06	0.00113137084989848	0.00113137	-5.89279	93
682	-1	8	3	1.28e-06	0.00113137084989848	0.00113137	-5.89279	487
683	-1	8	3	1.28e-06	0.00113137084989848	0.00113137	-5.89279	326
684	-1	8	3	1.28e-06	0.00113137084989848	0.00113137	-5.89279	845
685	-1	8	3	1.26e-06	0.00112249721603218	0.0011225	-5.89963	267
686	-1	8	3	1.26e-06	0.00112249721603218	0.0011225	-5.89963	74
687	-1	8	3	1.26e-06	0.00112249721603218	0.0011225	-5.89963	20
688	-1	8	2	1.26e-06	0.00112249721603218	0.0011225	-5.89963	641
689	-1	8	3	1.26e-06	0.00112249721603218	0.0011225	-5.89963	119
690	-1	8	2	1.26e-06	0.00112249721603218	0.0011225	-5.89963	396
691	-1	8	2	1.26e-06	0.00112249721603218	0.0011225	-5.89963	759
692	-1	8	2	1.26e-06	0.00112249721603218	0.0011225	-5.89963	686
693	-1	8	2	1.26e-06	0.00112249721603218	0.0011225	-5.89963	370
694	-1	8	3	1.26e-06	0.00112249721603218	0.0011225	-5.89963	209
695	-1	8	3	1.26e-06	0.00112249721603218	0.0011225	-5.89963	505
696	-1	8	2	1.26e-06	0.00112249721603218	0.0011225	-5.89963	763
697	-1	8	3	1.26e-06	0.00112249721603218	0.0011225	-5.89963	75
698	-1	8	3	1.26e-06	0.00112249721603218	0.0011225	-5.89963	325
699	-1	8	3	1.26e-06	0.00112249721603218	0.0011225	-5.89963	876
700	-1	8	2	1.26e-06	0.00112249721603218	0.0011225	-5.89963	155
701	-1	8	3	1.24e-06	0.001113552872566	0.00111355	-5.90658	235
702	-1	8	3	1.24e-06	0.001113552872566	0.00111355	-5.90658	390
703	-1	8	3	1.24e-06	0.001113552872566	0.00111355	-5.90658	782
704	-1	8	3	1.24e-06	0.001113552872566	0.00111355	-5.90658	601
705	-1	8	3	1.24e-06	0.001113552872566	0.00111355	-5.90658	713
706	-1	8	2	1.24e-06	0.001113552872566	0.00111355	-5.90658	379
707	-1	8	2	1.24e-06	0.001113552872566	0.00111355	-5.90658	656
708	-1	8	2	1.24e-06	0.001113552872566	0.00111355	-5.90658	873
709	-1	8	2	1.24e-06	0.001113552872566	0.00111355	-5.90658	750
710	-1	8	2	1.24e-06	0.001113552872566	0.00111355	-5.90658	718
711	-1	8	3	1.24e-06	0.001113552872566	0.00111355	-5.90658	425
712	-1	8	3	1.24e-06	0.001113552872566	0.00111355	-5.90658	215
713	-1	8	2	1.24e-06	0.001113552872566	0.00111355	-5.90658	900
714	-1	8	3	1.24e-06	0.001113552872566	0.00111355	-5.90658	65
715	-1	8	3	1.24e-06	0.001113552872566	0.00111355	-5.90658	71
716	-1	8	2	1.24e-06	0.001113552872566	0.00111355	-5.90658	522
717	-1	8	3	1.24e-06	0.001113552872566	0.00111355	-5.90658	559
718	-1	8	3	1.24e-06	0.001113552872566	0.00111355	-5.90658	188
719	-1	8	3	1.24e-06	0.001113552872566	0.00111355	-5.90658	561
720	-1	8	3	1.24e-06	0.001113552872566	0.00111355	-5.90658	110
721	-1	8	2	1.24e-06	0.001113552872566	0.00111355	-5.90658	704
722	-1	8	3	1.24e-06	0.001113552872566	0.00111355	-5.90658	152
723	-1	8	2	1.24e-06	0.001113552872566	0.00111355	-5.90658	790
724	-1	8	3	1.24e-06	0.001113552872566	0.00111355	-5.90658	11
725	-1	8	2	1.24e-06	0.001113552872566	0.00111355	-5.90658	649
726	-1	8	2	1.22e-06	0.00110453610171873	0.00110454	-5.91364	659
727	-1	8	2	1.22e-06	0.00110453610171873	0.00110454	-5.91364	97
728	-1	8	2	1.22e-06	0.00110453610171873	0.00110454	-5.91364	475
729	-1	8	3	1.22e-06	0.00110453610171873	0.00110454	-5.91364	872
730	-1	8	3	1.22e-06	0.00110453610171873	0.00110454	-5.91364	272
731	-1	8	2	1.22e-06	0.00110453610171873	0.00110454	-5.91364	586
732	-1	8	2	1.22e-06	0.00110453610171873	0.00110454	-5.91364	773
733	-1	8	3	1.22e-06	0.00110453610171873	0.00110454	-5.91364	145
734	-1	8	3	1.22e-06	0.00110453610171873	0.00110454	-5.91364	875
735	-1	8	3	1.22e-06	0.00110453610171873	0.00110454	-5.91364	204
736	-1	8	3	1.22e-06	0.00110453610171873	0.00110454	-5.91364	15
737	-1	8	3	1.22e-06	0.00110453610171873	0.00110454	-5.91364	264
738	-1	8	2	1.22e-06	0.00110453610171873	0.00110454	-5.91364	336
739	-1	8	3	1.22e-06	0.00110453610171873	0.00110454	-5.91364	402
740	-1	8	2	1.22e-06	0.00110453610171873	0.00110454	-5.91364	334
741	-1	8	3	1.22e-06	0.00110453610171873	0.00110454	-5.91364	344
742	-1	8	2	1.22e-06	0.00110453610171873	0.00110454	-5.91364	120
743	-1	8	2	1.22e-06	0.00110453610171873	0.00110454	-5.91364	811
744	-1	8	3	1.2e-06	0.00109544511501033	0.00109545	-5.92082	804
745	-1	8	2	1.2e-06	0.00109544511501033	0.00109545	-5.92082	403
746	-1	8	3	1.2e-06	0.00109544511501033	0.00109545	-5.92082	440
747	-1	8	3	1.2e-06	0.00109544511501033	0.00109545	-5.92082	624
748	-1	8	2	1.2e-06	0.00109544511501033	0.00109545	-5.92082	835
749	-1	8	2	1.2e-06	0.00109544511501033	0.00109545	-5.92082	186
750	-1	8	2	1.2e-06	0.00109544511501033	0.00109545	-5.92082	160
751	-1	8	3	1.2e-06	0.00109544511501033	0.00109545	-5.92082	582
752	-1	8	2	1.2e-06	0.00109544511501033	0.00109545	-5.92082	88
753	-1	8	2	1.2e-06	0.00109544511501033	0.00109545	-5.92082	117
754	-1	8	3	1.2e-06	0.00109544511501033	0.00109545	-5.92082	17
755	-1	8	2	1.2e-06	0.00109544511501033	0.00109545	-5.92082	372
756	-1	8	3	1.2e-06	0.00109544511501033	0.00109545	-5.92082	576
757	-1	8	2	1.2e-06	0.00109544511501033	0.00109545	-5.92082	432
758	-1	8	3	1.2e-06	0.00109544511501033	0.00109545	-5.92082	278
759	-1	8	3	1.2e-06	0.00109544511501033	0.00109545	-5.92082	901
760	-1	8	2	1.2e-06	0.00109544511501033	0.00109545	-5.92082	705
761	-1	8	2	1.2e-06	0.00109544511501033	0.00109545	-5.92082	758
762	-1	8	3	1.2e-06	0.00109544511501033	0.00109545	-5.92082	138
763	-1	8	3	1.2e-06	0.00109544511501033	0.00109545	-5.92082	208
764	-1	8	3	1.2e-06	0.00109544511501033	0.00109545	-5.92082	171
765	-1	8	2	1.2e-06	0.00109544511501033	0.00109545	-5.92082	764
766	-1	8	3	1.2e-06	0.00109544511501033	0.00109545	-5.92082	407
767	-1	8	2	1.2e-06	0.00109544511501033	0.00109545	-5.92082	885
768	-1	8	2	1.2e-06	0.00109544511501033	0.00109545	-5.92082	523
769	-1	8	3	1.18e-06	0.00108627804912002	0.00108628	-5.92812	387
770	-1	8	2	1.18e-06	0.00108627804912002	0.00108628	-5.92812	404
771	-1	8	3	1.18e-06	0.00108627804912002	0.00108628	-5.92812	254
772	-1	8	3	1.18e-06	0.00108627804912002	0.00108628	-5.92812	451
773	-1	8	3	1.18e-06	0.00108627804912002	0.00108628	-5.92812	72
774	-1	8	3	1.18e-06	0.00108627804912002	0.00108628	-5.92812	182
775	-1	8	3	1.18e-06	0.00108627804912002	0.00108628	-5.92812	199
776	-1	8	3	1.18e-06	0.00108627804912002	0.00108628	-5.92812	533
777	-1	8	2	1.18e-06	0.00108627804912002	0.00108628	-5.92812	721
778	-1	8	3	1.18e-06	0.00108627804912002	0.00108628	-5.92812	458
779	-1	8	3	1.18e-06	0.00108627804912002	0.00108628	-5.92812	802
780	-1	8	3	1.18e-06	0.00108627804912002	0.00108628	-5.92812	843
781	-1	8	2	1.18e-06	0.00108627804912002	0.00108628	-5.92812	846
782	-1	8	3	1.18e-06	0.00108627804912002	0.00108628	-5.92812	332
783	-1	8	3	1.18e-06	0.00108627804912002	0.00108628	-5.92812	939
784	-1	8	3	1.18e-06	0.00108627804912002	0.00108628	-5.92812	81
785	-1	8	3	1.18e-06	0.00108627804912002	0.00108628	-5.92812	602
786	-1	8	3	1.18e-06	0.00108627804912002	0.00108628	-5.92812	268
787	-1	8	3	1.18e-06	0.00108627804912002	0.00108628	-5.92812	740
788	-1	8	3	1.18e-06	0.00108627804912002	0.00108628	-5.92812	380
789	-1	8	3	1.18e-06	0.00108627804912002	0.00108628	-5.92812	622
790	-1	8	3	1.18e-06	0.00108627804912002	0.00108628	-5.92812	273
791	-1	8	3	1.18e-06	0.00108627804912002	0.00108628	-5.92812	80
792	-1	8	3	1.18e-06	0.00108627804912002	0.00108628	-5.92812	206
793	-1	8	2	1.16e-06	0.0010770329614269	0.00107703	-5.93554	768
794	-1	8	2	1.16e-06	0.0010770329614269	0.00107703	-5.93554	525
795	-1	8	3	1.16e-06	0.0010770329614269	0.00107703	-5.93554	127
796	-1	8	3	1.16e-06	0.0010770329614269	0.00107703	-5.93554	775
797	-1	8	3	1.16e-06	0.0010770329614269	0.00107703	-5.93554	714
798	-1	8	2	1.16e-06	0.0010770329614269	0.00107703	-5.93554	820
799	-1	8	3	1.16e-06	0.0010770329614269	0.00107703	-5.93554	902
800	-1	8	3	1.16e-06	0.0010770329614269	0.00107703	-5.93554	26
801	-1	8	3	1.16e-06	0.0010770329614269	0.00107703	-5.93554	789
802	-1	8	3	1.16e-06	0.0010770329614269	0.00107703	-5.93554	791
803	-1	8	2	1.16e-06	0.0010770329614269	0.00107703	-5.93554	615
804	-1	8	3	1.16e-06	0.0010770329614269	0.00107703	-5.93554	528
805	-1	8	2	1.16e-06	0.0010770329614269	0.00107703	-5.93554	767
806	-1	8	3	1.16e-06	0.0010770329614269	0.00107703	-5.93554	564
807	-1	8	3	1.14e-06	0.00106770782520313	0.00106771	-5.9431	566
808	-1	8	3	1.14e-06	0.00106770782520313	0.00106771	-5.9431	270
809	-1	8	2	1.14e-06	0.00106770782520313	0.00106771	-5.9431	496
810	-1	8	3	1.14e-06	0.00106770782520313	0.00106771	-5.9431	263
811	-1	8	3	1.14e-06	0.00106770782520313	0.00106771	-5.9431	442
812	-1	8	3	1.14e-06	0.00106770782520313	0.00106771	-5.9431	299
813	-1	8	3	1.14e-06	0.00106770782520313	0.00106771	-5.9431	179
814	-1	8	2	1.14e-06	0.00106770782520313	0.00106771	-5.9431	864
815	-1	8	3	1.14e-06	0.00106770782520313	0.00106771	-5.9431	350
816	-1	8	2	1.14e-06	0.00106770782520313	0.00106771	-5.9431	834
817	-1	8	2	1.14e-06	0.00106770782520313	0.00106771	-5.9431	558
818	-1	8	2	1.14e-06	0.00106770782520313	0.00106771	-5.9431	452
819	-1	8	3	1.14e-06	0.00106770782520313	0.00106771	-5.9431	906
820	-1	8	2	1.14e-06	0.00106770782520313	0.00106771	-5.9431	613
821	-1	8	3	1.14e-06	0.00106770782520313	0.00106771	-5.9431	330
822	-1	8	2	1.14e-06	0.00106770782520313	0.00106771	-5.9431	663
823	-1	8	3	1.14e-06	0.00106770782520313	0.00106771	-5.9431	213
824	-1	8	3	1.12e-06	0.00105830052442584	0.0010583	-5.95078	524
825	-1	8	2	1.12e-06	0.00105830052442584	0.0010583	-5.95078	884
826	-1	8	2	1.12e-06	0.00105830052442584	0.0010583	-5.95078	654
827	-1	8	3	1.12e-06	0.00105830052442584	0.0010583	-5.95078	111
828	-1	8	3	1.12e-06	0.00105830052442584	0.0010583	-5.95078	261
829	-1	8	3	1.12e-06	0.00105830052442584	0.0010583	-5.95078	386
830	-1	8	2	1.12e-06	0.00105830052442584	0.0010583	-5.95078	70
831	-1	8	3	1.12e-06	0.00105830052442584	0.0010583	-5.95078	134
832	-1	8	3	1.12e-06	0.00105830052442584	0.0010583	-5.95078	108
833	-1	8	3	1.12e-06	0.00105830052442584	0.0010583	-5.95078	512
834	-1	8	3	1.12e-06	0.00105830052442584	0.0010583	-5.95078	584
835	-1	8	2	1.12e-06	0.00105830052442584	0.0010583	-5.95078	90
836	-1	8	2	1.12e-06	0.00105830052442584	0.0010583	-5.95078	516
837	-1	8	3	1.12e-06	0.00105830052442584	0.0010583	-5.95078	327
838	-1	8	2	1.12e-06	0.00105830052442584	0.0010583	-5.95078	916
839	-1	8	3	1.1e-06	0.00104880884817015	0.00104881	-5.95861	531
840	-1	8	2	1.1e-06	0.00104880884817015	0.00104881	-5.95861	909
841	-1	8	3	1.1e-06	0.00104880884817015	0.00104881	-5.95861	269
842	-1	8	3	1.1e-06	0.00104880884817015	0.00104881	-5.95861	298
843	-1	8	2	1.1e-06	0.00104880884817015	0.00104881	-5.95861	123
844	-1	8	2	1.1e-06	0.00104880884817015	0.00104881	-5.95861	757
845	-1	8	3	1.1e-06	0.00104880884817015	0.00104881	-5.95861	812
846	-1	8	3	1.1e-06	0.00104880884817015	0.00104881	-5.95861	766
847	-1	8	2	1.1e-06	0.00104880884817015	0.00104881	-5.95861	929
848	-1	8	3	1.1e-06	0.00104880884817015	0.00104881	-5.95861	551
849	-1	8	3	1.1e-06	0.00104880884817015	0.00104881	-5.95861	514
850	-1	8	3	1.1e-06	0.00104880884817015	0.00104881	-5.95861	578
851	-1	8	3	1.1e-06	0.00104880884817015	0.00104881	-5.95861	405
852	-1	8	2	1.1e-06	0.00104880884817015	0.00104881	-5.95861	772
853	-1	8	2	1.1e-06	0.00104880884817015	0.00104881	-5.95861	749
854	-1	8	3	1.1e-06	0.00104880884817015	0.00104881	-5.95861	910
855	-1	8	3	1.1e-06	0.00104880884817015	0.00104881	-5.95861	207
856	-1	8	3	1.1e-06	0.00104880884817015	0.00104881	-5.95861	10
857	-1	8	2	1.1e-06	0.00104880884817015	0.00104881	-5.95861	142
858	-1	8	2	1.08e-06	0.00103923048454133	0.00103923	-5.96658	765
859	-1	8	2	1.08e-06	0.00103923048454133	0.00103923	-5.96658	874
860	-1	8	2	1.08e-06	0.00103923048454133	0.00103923	-5.96658	201
861	-1	8	3	1.08e-06	0.00103923048454133	0.00103923	-5.96658	84
862	-1	8	3	1.08e-06	0.00103923048454133	0.00103923	-5.96658	136
863	-1	8	3	1.08e-06	0.00103923048454133	0.00103923	-5.96658	450
864	-1	8	3	1.08e-06	0.00103923048454133	0.00103923	-5.96658	577
865	-1	8	2	1.08e-06	0.00103923048454133	0.00103923	-5.96658	660
866	-1	8	3	1.08e-06	0.00103923048454133	0.00103923	-5.96658	719
867	-1	8	2	1.08e-06	0.00103923048454133	0.00103923	-5.96658	907
868	-1	8	2	1.08e-06	0.00103923048454133	0.00103923	-5.96658	880
869	-1	8	3	1.08e-06	0.00103923048454133	0.00103923	-5.96658	190
870	-1	8	2	1.08e-06	0.00103923048454133	0.00103923	-5.96658	695
871	-1	8	2	1.08e-06	0.00103923048454133	0.00103923	-5.96658	588
872	-1	8	3	1.08e-06	0.00103923048454133	0.00103923	-5.96658	135
873	-1	8	2	1.08e-06	0.00103923048454133	0.00103923	-5.96658	98
874	-1	8	3	1.08e-06	0.00103923048454133	0.00103923	-5.96658	816
875	-1	8	3	1.08e-06	0.00103923048454133	0.00103923	-5.96658	172
876	-1	8	3	1.06e-06	0.0010295630140987	0.00102956	-5.97469	915
877	-1	8	3	1.06e-06	0.0010295630140987	0.00102956	-5.97469	345
878	-1	8	3	1.06e-06	0.0010295630140987	0.00102956	-5.97469	141
879	-1	8	2	1.06e-06	0.0010295630140987	0.00102956	-5.97469	831
880	-1	8	2	1.06e-06	0.0010295630140987	0.00102956	-5.97469	64
881	-1	8	3	1.06e-06	0.0010295630140987	0.00102956	-5.97469	881
882	-1	8	3	1.06e-06	0.0010295630140987	0.00102956	-5.97469	426
883	-1	8	3	1.06e-06	0.0010295630140987	0.00102956	-5.97469	557
884	-1	8	3	1.06e-06	0.0010295630140987	0.00102956	-5.97469	143
885	-1	8	3	1.06e-06	0.0010295630140987	0.00102956	-5.97469	854
886	-1	8	2	1.06e-06	0.0010295630140987	0.00102956	-5.97469	82
887	-1	8	3	1.06e-06	0.0010295630140987	0.00102956	-5.97469	277
888	-1	8	2	1.04e-06	0.00101980390271856	0.0010198	-5.98297	917
889	-1	8	2	1.04e-06	0.00101980390271856	0.0010198	-5.98297	457
890	-1	8	3	1.04e-06	0.00101980390271856	0.0010198	-5.98297	515
891	-1	8	3	1.04e-06	0.00101980390271856	0.0010198	-5.98297	116
892	-1	8	3	1.04e-06	0.00101980390271856	0.0010198	-5.98297	413
893	-1	8	3	1.04e-06	0.00101980390271856	0.0010198	-5.98297	813
894	-1	8	3	1.04e-06	0.00101980390271856	0.0010198	-5.98297	66
895	-1	8	2	1.02e-06	0.00100995049383621	0.00100995	-5.9914	520
896	-1	8	3	1.02e-06	0.00100995049383621	0.00100995	-5.9914	381
897	-1	8	3	1.02e-06	0.00100995049383621	0.00100995	-5.9914	600
898	-1	8	3	1.02e-06	0.00100995049383621	0.00100995	-5.9914	912
899	-1	8	3	1.02e-06	0.00100995049383621	0.00100995	-5.9914	595
900	-1	8	2	1.02e-06	0.00100995049383621	0.00100995	-5.9914	55
901	-1	8	3	1.02e-06	0.00100995049383621	0.00100995	-5.9914	550
902	-1	8	3	1.02e-06	0.00100995049383621	0.00100995	-5.9914	218
903	-1	8	2	1.02e-06	0.00100995049383621	0.00100995	-5.9914	280
904	-1	8	3	1e-06	0.001	0.001	-6	521
905	-1	8	3	1e-06	0.001	0.001	-6	431
906	-1	8	3	1e-06	0.001	0.001	-6	89
907	-1	8	2	1e-06	0.001	0.001	-6	530
908	-1	8	2	1e-06	0.001	0.001	-6	836
909	-1	8	3	1e-06	0.001	0.001	-6	456
910	-1	8	3	1e-06	0.001	0.001	-6	460
911	-1	8	2	1e-06	0.001	0.001	-6	161
912	-1	8	2	1e-06	0.001	0.001	-6	529
913	-1	8	3	9.8e-07	0.000989949493661167	0.000989949	-6.00877	262
914	-1	8	2	9.8e-07	0.000989949493661167	0.000989949	-6.00877	658
915	-1	8	3	9.8e-07	0.000989949493661167	0.000989949	-6.00877	125
916	-1	8	2	9.8e-07	0.000989949493661167	0.000989949	-6.00877	470
917	-1	8	3	9.8e-07	0.000989949493661167	0.000989949	-6.00877	471
918	-1	8	3	9.8e-07	0.000989949493661167	0.000989949	-6.00877	532
919	-1	8	2	9.8e-07	0.000989949493661167	0.000989949	-6.00877	565
920	-1	8	2	9.8e-07	0.000989949493661167	0.000989949	-6.00877	785
921	-1	8	3	9.8e-07	0.000989949493661167	0.000989949	-6.00877	568
922	-1	8	2	9.6e-07	0.000979795897113271	0.000979796	-6.01773	720
923	-1	8	2	9.6e-07	0.000979795897113271	0.000979796	-6.01773	28
924	-1	8	2	9.6e-07	0.000979795897113271	0.000979796	-6.01773	894
925	-1	8	2	9.6e-07	0.000979795897113271	0.000979796	-6.01773	665
926	-1	8	3	9.6e-07	0.000979795897113271	0.000979796	-6.01773	156
927	-1	8	3	9.6e-07	0.000979795897113271	0.000979796	-6.01773	726
928	-1	8	2	9.6e-07	0.000979795897113271	0.000979796	-6.01773	412
929	-1	8	3	9.4e-07	0.000969535971483266	0.000969536	-6.02687	597
930	-1	8	2	9.4e-07	0.000969535971483266	0.000969536	-6.02687	837
931	-1	8	3	9.4e-07	0.000969535971483266	0.000969536	-6.02687	444
932	-1	8	2	9.4e-07	0.000969535971483266	0.000969536	-6.02687	840
933	-1	8	3	9.4e-07	0.000969535971483266	0.000969536	-6.02687	159
934	-1	8	3	9.2e-07	0.000959166304662544	0.000959166	-6.03621	519
935	-1	8	3	9.2e-07	0.000959166304662544	0.000959166	-6.03621	583
936	-1	8	3	9.2e-07	0.000959166304662544	0.000959166	-6.03621	848
937	-1	8	3	9.2e-07	0.000959166304662544	0.000959166	-6.03621	271
938	-1	8	3	9.2e-07	0.000959166304662544	0.000959166	-6.03621	198
939	-1	8	2	9e-07	0.000948683298050514	0.000948683	-6.04576	828
940	-1	8	3	8.8e-07	0.000938083151964686	0.000938083	-6.05552	19
941	-1	8	3	8.6e-07	0.00092736184954957	0.000927362	-6.0655	395
942	-1	8	3	8.4e-07	0.000916515138991168	0.000916515	-6.07572	423
943	-1	8	3	8.4e-07	0.000916515138991168	0.000916515	-6.07572	829
944	-1	8	3	8.2e-07	0.000905538513813742	0.000905539	-6.08619	809
