ID	cluster	dist_rf	dist_spr	PP	sqrt(PP)	sqrt_size	log_size
0	1	0	0	0.0053744	0.0733102994128383	0.0733103	-2.26967
1	2	8	3	0.0053673	0.07326185910827	0.0732619	-2.27024
2	3	6	2	0.0053635	0.0732359201485173	0.0732359	-2.27055
3	4	8	3	0.0053569	0.0731908464222132	0.0731908	-2.27109
4	5	6	2	0.0053565	0.0731881137890573	0.0731881	-2.27112
5	4	8	2	0.0053559	0.073184014648009	0.073184	-2.27117
6	6	8	2	0.0053548	0.073176498959707	0.0731765	-2.27126
7	7	8	2	0.0053538	0.0731696658458955	0.0731697	-2.27134
8	8	6	2	0.0053519	0.0731566811713052	0.0731567	-2.27149
9	-1	8	3	0.0053503	0.0731457449206719	0.0731457	-2.27162
10	1	8	1	0.0053501	0.0731443777743717	0.0731444	-2.27164
11	-1	8	3	0.0053501	0.0731443777743717	0.0731444	-2.27164
12	-1	8	2	0.0053481	0.0731307049056687	0.0731307	-2.2718
13	5	8	3	0.0053438	0.0731012995780513	0.0731013	-2.27215
14	1	4	1	0.0053434	0.0730985635973786	0.0730986	-2.27218
15	2	8	3	0.005342	0.0730889868584864	0.073089	-2.2723
16	3	8	3	0.0053414	0.0730848821576665	0.0730849	-2.27234
17	4	8	3	0.0053408	0.0730807772262994	0.0730808	-2.27239
18	-1	8	2	0.0053397	0.0730732509198818	0.0730733	-2.27248
19	5	6	2	0.0053394	0.0730711981563188	0.0730712	-2.27251
20	7	8	2	0.0053393	0.0730705138889826	0.0730705	-2.27252
21	-1	8	2	0.0053391	0.0730691453350865	0.0730691	-2.27253
22	-1	8	3	0.0053359	0.073047244985694	0.0730472	-2.27279
23	-1	6	2	0.0053358	0.0730465604939753	0.0730466	-2.2728
24	3	8	2	0.0053353	0.0730431379391658	0.0730431	-2.27284
25	-1	8	3	0.005335	0.0730410843293006	0.0730411	-2.27287
26	-1	8	2	0.0053346	0.0730383460929942	0.0730383	-2.2729
27	-1	8	3	0.0053334	0.0730301307680604	0.0730301	-2.273
28	-1	8	3	0.005333	0.0730273921210391	0.0730274	-2.27303
29	6	8	2	0.0053326	0.0730246533713102	0.0730247	-2.27306
30	-1	8	2	0.0053321	0.0730212297896988	0.0730212	-2.2731
31	-1	8	2	0.0053319	0.0730198603121096	0.0730199	-2.27312
32	6	8	2	0.0053312	0.0730150669382697	0.0730151	-2.27318
33	-1	8	2	0.0053304	0.0730095884113861	0.0730096	-2.27324
34	1	8	1	0.0053303	0.0730089035666199	0.0730089	-2.27325
35	-1	8	3	0.0053302	0.0730082187154296	0.0730082	-2.27326
36	-1	8	3	0.0053295	0.0730034245772073	0.0730034	-2.27331
37	-1	6	2	0.0053294	0.0730027396746177	0.0730027	-2.27332
38	-1	8	3	0.0053294	0.0730027396746177	0.0730027	-2.27332
39	2	8	3	0.0053292	0.073001369850161	0.0730014	-2.27334
40	-1	8	2	0.0053291	0.0730006849282936	0.0730007	-2.27335
41	-1	8	2	0.0053289	0.0729993150652799	0.0729993	-2.27336
42	6	8	2	0.0053289	0.0729993150652799	0.0729993	-2.27336
43	2	8	2	0.0053286	0.072997260222559	0.0729973	-2.27339
44	5	6	2	0.0053285	0.0729965752621313	0.0729966	-2.2734
45	-1	8	2	0.0053283	0.0729952053219936	0.0729952	-2.27341
46	-1	8	2	0.0053283	0.0729952053219936	0.0729952	-2.27341
47	6	8	2	0.0053282	0.0729945203422832	0.0729945	-2.27342
48	5	6	2	0.005328	0.0729931503635786	0.0729932	-2.27344
49	-1	8	2	0.005328	0.0729931503635786	0.0729932	-2.27344
50	-1	8	3	0.005328	0.0729931503635786	0.0729932	-2.27344
51	3	8	3	0.0053279	0.072992465364584	0.0729925	-2.27344
52	-1	8	3	0.0053276	0.0729904103290288	0.0729904	-2.27347
53	-1	4	2	0.0053275	0.0729897253043194	0.0729897	-2.27348
54	1	6	1	0.0053274	0.0729890402731807	0.072989	-2.27348
55	-1	8	3	0.0053273	0.0729883552356128	0.0729884	-2.27349
56	2	8	3	0.0053273	0.0729883552356128	0.0729884	-2.27349
57	2	8	3	0.0053268	0.0729849299513262	0.0729849	-2.27353
58	-1	8	3	0.0053268	0.0729849299513262	0.0729849	-2.27353
59	3	4	2	0.0053267	0.0729842448751784	0.0729842	-2.27354
60	-1	6	2	0.0053261	0.0729801342832418	0.0729801	-2.27359
61	-1	8	3	0.005326	0.0729794491620758	0.0729794	-2.2736
62	3	8	2	0.0053256	0.0729767086130911	0.0729767	-2.27363
63	-1	4	2	0.0053253	0.0729746531338108	0.0729747	-2.27366
64	-1	8	2	0.0053253	0.0729746531338108	0.0729747	-2.27366
65	3	6	2	0.0053251	0.0729732827821251	0.0729733	-2.27367
66	5	8	3	0.0053249	0.0729719124047054	0.0729719	-2.27369
67	3	8	3	0.0053249	0.0729719124047054	0.0729719	-2.27369
68	4	8	3	0.0053245	0.072969171572658	0.0729692	-2.27372
69	5	6	2	0.0053245	0.072969171572658	0.0729692	-2.27372
70	-1	8	3	0.0053244	0.0729684863485601	0.0729685	-2.27373
71	-1	8	3	0.0053244	0.0729684863485601	0.0729685	-2.27373
72	1	6	1	0.0053244	0.0729684863485601	0.0729685	-2.27373
73	-1	6	2	0.0053242	0.0729671158810597	0.0729671	-2.27375
74	-1	8	2	0.0053242	0.0729671158810597	0.0729671	-2.27375
75	3	6	2	0.0053241	0.0729664306376569	0.0729664	-2.27375
76	-1	8	2	0.005324	0.0729657453878188	0.0729657	-2.27376
77	-1	6	2	0.0053239	0.0729650601315452	0.0729651	-2.27377
78	-1	8	3	0.0053238	0.0729643748688358	0.0729644	-2.27378
79	-1	6	2	0.0053238	0.0729643748688358	0.0729644	-2.27378
80	-1	6	2	0.0053236	0.0729630043241093	0.072963	-2.27379
81	7	8	2	0.0053236	0.0729630043241093	0.072963	-2.27379
82	-1	8	3	0.0053235	0.0729623190420919	0.0729623	-2.2738
83	-1	8	3	0.0053235	0.0729623190420919	0.0729623	-2.2738
84	-1	8	3	0.0053233	0.0729609484587474	0.0729609	-2.27382
85	-1	6	2	0.0053228	0.0729575218877396	0.0729575	-2.27386
86	-1	8	2	0.0053227	0.0729568365542257	0.0729568	-2.27387
87	1	4	1	0.0053225	0.0729554658678841	0.0729555	-2.27388
88	8	8	2	0.0053224	0.072954780515056	0.0729548	-2.27389
89	1	4	1	0.0053222	0.0729534097900845	0.0729534	-2.27391
90	2	8	3	0.0053222	0.0729534097900845	0.0729534	-2.27391
91	2	8	3	0.0053219	0.072951353654336	0.0729514	-2.27393
92	-1	8	3	0.0053219	0.072951353654336	0.0729514	-2.27393
93	-1	8	2	0.0053217	0.072949982864974	0.07295	-2.27395
94	-1	8	3	0.0053217	0.072949982864974	0.07295	-2.27395
95	-1	8	3	0.0053213	0.0729472412089724	0.0729472	-2.27398
96	-1	8	3	0.0053212	0.0729465557788714	0.0729466	-2.27399
97	-1	8	3	0.0053205	0.072941757587818	0.0729418	-2.27405
98	5	8	3	0.0053204	0.0729410721061872	0.0729411	-2.27406
99	2	8	3	0.0053204	0.0729410721061872	0.0729411	-2.27406
100	-1	6	2	0.0053201	0.0729390156226419	0.072939	-2.27408
101	7	8	3	0.0053198	0.0729369590811133	0.072937	-2.2741
102	5	6	2	0.0053197	0.0729362735543845	0.0729363	-2.27411
103	2	6	2	0.0053196	0.0729355880212122	0.0729356	-2.27412
104	-1	8	2	0.0053195	0.0729349024815966	0.0729349	-2.27413
105	-1	8	2	0.0053194	0.0729342169355372	0.0729342	-2.27414
106	2	8	3	0.0053194	0.0729342169355372	0.0729342	-2.27414
107	5	8	3	0.0053192	0.0729328458240867	0.0729328	-2.27415
108	-1	8	3	0.0053191	0.0729321602586952	0.0729322	-2.27416
109	-1	8	3	0.0053191	0.0729321602586952	0.0729322	-2.27416
110	-1	6	3	0.0053188	0.0729301035238536	0.0729301	-2.27419
111	-1	6	2	0.0053187	0.0729294179326834	0.0729294	-2.27419
112	-1	8	2	0.0053186	0.0729287323350681	0.0729287	-2.2742
113	5	6	2	0.0053185	0.0729280467310074	0.072928	-2.27421
114	3	8	2	0.0053185	0.0729280467310074	0.072928	-2.27421
115	-1	8	2	0.0053184	0.0729273611205013	0.0729274	-2.27422
116	-1	8	3	0.0053182	0.0729259898801518	0.072926	-2.27424
117	7	6	2	0.0053181	0.0729253042503081	0.0729253	-2.27424
118	5	8	2	0.0053178	0.0729232473220989	0.0729232	-2.27427
119	-1	8	3	0.0053178	0.0729232473220989	0.0729232	-2.27427
120	-1	8	3	0.0053177	0.0729225616664692	0.0729226	-2.27428
121	-1	8	2	0.0053175	0.0729211903358688	0.0729212	-2.27429
122	-1	8	2	0.0053175	0.0729211903358688	0.0729212	-2.27429
123	6	8	3	0.0053174	0.0729205046608977	0.0729205	-2.2743
124	-1	8	2	0.0053172	0.0729191332916128	0.0729191	-2.27432
125	4	8	2	0.0053171	0.0729184475972987	0.0729184	-2.27433
126	-1	8	2	0.0053167	0.07291570475556	0.0729157	-2.27436
127	-1	6	2	0.0053167	0.07291570475556	0.0729157	-2.27436
128	-1	8	2	0.0053166	0.0729150190290039	0.072915	-2.27437
129	2	6	2	0.0053164	0.0729136475565446	0.0729136	-2.27438
130	6	6	3	0.0053163	0.0729129618106411	0.072913	-2.27439
131	-1	8	2	0.0053163	0.0729129618106411	0.072913	-2.27439
132	1	6	1	0.0053163	0.0729129618106411	0.072913	-2.27439
133	-1	8	2	0.0053163	0.0729129618106411	0.072913	-2.27439
134	3	4	2	0.0053162	0.072912276058288	0.0729123	-2.2744
135	3	4	2	0.0053161	0.0729115902994853	0.0729116	-2.27441
136	-1	8	2	0.005316	0.0729109045342327	0.0729109	-2.27442
137	6	6	2	0.005316	0.0729109045342327	0.0729109	-2.27442
138	-1	8	3	0.005316	0.0729109045342327	0.0729109	-2.27442
139	6	8	3	0.0053159	0.0729102187625301	0.0729102	-2.27442
140	-1	8	2	0.0053158	0.0729095329843773	0.0729095	-2.27443
141	-1	8	2	0.0053158	0.0729095329843773	0.0729095	-2.27443
142	-1	8	2	0.0053158	0.0729095329843773	0.0729095	-2.27443
143	-1	8	2	0.0053157	0.072908847199774	0.0729088	-2.27444
144	-1	8	3	0.0053157	0.072908847199774	0.0729088	-2.27444
145	-1	8	2	0.0053156	0.0729081614087202	0.0729082	-2.27445
146	-1	6	2	0.0053155	0.0729074756112156	0.0729075	-2.27446
147	-1	8	3	0.0053154	0.0729067898072601	0.0729068	-2.27446
148	6	8	2	0.0053152	0.0729054181799954	0.0729054	-2.27448
149	-1	8	2	0.0053151	0.0729047323566859	0.0729047	-2.27449
150	5	6	2	0.0053148	0.0729026748480466	0.0729027	-2.27451
151	-1	8	3	0.0053148	0.0729026748480466	0.0729027	-2.27451
152	-1	8	3	0.0053147	0.0729019889989292	0.072902	-2.27452
153	-1	6	2	0.0053147	0.0729019889989292	0.072902	-2.27452
154	-1	8	3	0.0053146	0.0729013031433595	0.0729013	-2.27453
155	-1	8	2	0.0053144	0.0728999314128621	0.0728999	-2.27455
156	-1	8	3	0.0053144	0.0728999314128621	0.0728999	-2.27455
157	-1	8	3	0.0053143	0.0728992455379341	0.0728992	-2.27455
158	-1	8	3	0.0053141	0.0728978737687184	0.0728979	-2.27457
159	-1	8	3	0.0053141	0.0728978737687184	0.0728979	-2.27457
160	-1	6	2	0.0053139	0.0728965019736887	0.0728965	-2.27459
161	-1	6	2	0.0053139	0.0728965019736887	0.0728965	-2.27459
162	-1	8	2	0.0053139	0.0728965019736887	0.0728965	-2.27459
163	-1	8	2	0.0053138	0.0728958160664931	0.0728958	-2.27459
164	-1	8	2	0.0053137	0.0728951301528435	0.0728951	-2.2746
165	-1	8	3	0.0053137	0.0728951301528435	0.0728951	-2.2746
166	6	8	2	0.0053135	0.0728937583061815	0.0728938	-2.27462
167	-1	6	2	0.0053135	0.0728937583061815	0.0728938	-2.27462
168	-1	8	3	0.0053135	0.0728937583061815	0.0728938	-2.27462
169	-1	8	3	0.0053134	0.0728930723731686	0.0728931	-2.27463
170	-1	8	3	0.0053133	0.072892386433701	0.0728924	-2.27464
171	-1	8	3	0.0053132	0.0728917004877784	0.0728917	-2.27464
172	-1	8	3	0.0053132	0.0728917004877784	0.0728917	-2.27464
173	1	4	1	0.0053131	0.0728910145354007	0.072891	-2.27465
174	-1	8	2	0.0053129	0.0728896426112791	0.0728896	-2.27467
175	-1	8	3	0.0053129	0.0728896426112791	0.0728896	-2.27467
176	1	6	1	0.0053128	0.0728889566395349	0.072889	-2.27468
177	-1	8	2	0.0053128	0.0728889566395349	0.072889	-2.27468
178	2	6	2	0.0053125	0.0728868986855663	0.0728869	-2.2747
179	5	6	2	0.0053124	0.0728862126879974	0.0728862	-2.27471
180	-1	8	3	0.0053123	0.072885526683972	0.0728855	-2.27472
181	5	6	2	0.0053121	0.0728841546565507	0.0728842	-2.27473
182	3	4	2	0.0053121	0.0728841546565507	0.0728842	-2.27473
183	-1	8	2	0.0053119	0.0728827826033008	0.0728828	-2.27475
184	5	8	2	0.0053118	0.0728820965669896	0.0728821	-2.27476
185	-1	8	3	0.0053118	0.0728820965669896	0.0728821	-2.27476
186	-1	8	3	0.0053118	0.0728820965669896	0.0728821	-2.27476
187	1	6	1	0.0053117	0.0728814105242208	0.0728814	-2.27477
188	1	4	1	0.0053116	0.0728807244749941	0.0728807	-2.27477
189	8	6	2	0.0053115	0.0728800384193093	0.07288	-2.27478
190	-1	8	3	0.0053115	0.0728800384193093	0.07288	-2.27478
191	-1	8	3	0.0053114	0.0728793523571663	0.0728794	-2.27479
192	-1	8	3	0.0053113	0.0728786662885649	0.0728787	-2.2748
193	-1	8	2	0.005311	0.0728766080440082	0.0728766	-2.27482
194	-1	6	3	0.0053109	0.0728759219495713	0.0728759	-2.27483
195	-1	6	2	0.0053109	0.0728759219495713	0.0728759	-2.27483
196	-1	8	2	0.0053108	0.072875235848675	0.0728752	-2.27484
197	3	6	2	0.0053107	0.0728745497413192	0.0728745	-2.27485
198	-1	8	2	0.0053107	0.0728745497413192	0.0728745	-2.27485
199	8	4	2	0.0053107	0.0728745497413192	0.0728745	-2.27485
200	-1	4	2	0.0053107	0.0728745497413192	0.0728745	-2.27485
201	3	8	3	0.0053107	0.0728745497413192	0.0728745	-2.27485
202	-1	8	2	0.0053106	0.0728738636275037	0.0728739	-2.27486
203	1	6	1	0.0053104	0.0728724913804928	0.0728725	-2.27487
204	2	8	3	0.0053104	0.0728724913804928	0.0728725	-2.27487
205	4	8	3	0.0053104	0.0728724913804928	0.0728725	-2.27487
206	-1	8	3	0.0053104	0.0728724913804928	0.0728725	-2.27487
207	6	8	3	0.0053104	0.0728724913804928	0.0728725	-2.27487
208	-1	8	2	0.0053103	0.0728718052472971	0.0728718	-2.27488
209	-1	8	2	0.0053102	0.072871119107641	0.0728711	-2.27489
210	2	8	3	0.0053102	0.072871119107641	0.0728711	-2.27489
211	-1	8	2	0.0053102	0.072871119107641	0.0728711	-2.27489
212	-1	6	2	0.00531	0.0728697468089467	0.0728697	-2.27491
213	-1	6	2	0.00531	0.0728697468089467	0.0728697	-2.27491
214	8	6	2	0.00531	0.0728697468089467	0.0728697	-2.27491
215	7	8	3	0.0053099	0.0728690606499082	0.0728691	-2.27491
216	6	8	3	0.0053099	0.0728690606499082	0.0728691	-2.27491
217	-1	6	2	0.0053099	0.0728690606499082	0.0728691	-2.27491
218	-1	8	3	0.0053099	0.0728690606499082	0.0728691	-2.27491
219	-1	8	2	0.0053096	0.072867002134025	0.072867	-2.27494
220	-1	8	3	0.0053094	0.0728656297577946	0.0728656	-2.27495
221	-1	8	3	0.0053093	0.0728649435599864	0.0728649	-2.27496
222	-1	8	3	0.0053091	0.072863571144983	0.0728636	-2.27498
223	-1	8	2	0.005309	0.0728628849277875	0.0728629	-2.27499
224	-1	6	2	0.005309	0.0728628849277875	0.0728629	-2.27499
225	-1	8	3	0.005309	0.0728628849277875	0.0728629	-2.27499
226	8	6	2	0.0053089	0.0728621987041291	0.0728622	-2.275
227	2	8	3	0.0053089	0.0728621987041291	0.0728622	-2.275
228	-1	8	3	0.0053089	0.0728621987041291	0.0728622	-2.275
229	5	8	2	0.0053088	0.0728615124740078	0.0728615	-2.275
230	8	8	2	0.0053086	0.0728601399943755	0.0728601	-2.27502
231	-1	6	2	0.0053086	0.0728601399943755	0.0728601	-2.27502
232	6	8	3	0.0053084	0.0728587674888891	0.0728588	-2.27504
233	-1	6	3	0.0053084	0.0728587674888891	0.0728588	-2.27504
234	-1	8	2	0.0053084	0.0728587674888891	0.0728588	-2.27504
235	1	4	1	0.0053081	0.0728567086821797	0.0728567	-2.27506
236	8	6	2	0.005308	0.0728560224003479	0.072856	-2.27507
237	-1	8	3	0.005308	0.0728560224003479	0.072856	-2.27507
238	5	8	3	0.0053077	0.0728539635160641	0.072854	-2.27509
239	4	8	3	0.0053075	0.072852590894216	0.0728526	-2.27511
240	-1	8	2	0.0053075	0.072852590894216	0.0728526	-2.27511
241	-1	8	3	0.0053074	0.0728519045735937	0.0728519	-2.27512
242	7	8	3	0.0053074	0.0728519045735937	0.0728519	-2.27512
243	1	2	1	0.0053074	0.0728519045735937	0.0728519	-2.27512
244	6	8	2	0.0053072	0.0728505319129517	0.0728505	-2.27513
245	4	8	3	0.005307	0.0728491592264454	0.0728492	-2.27515
246	4	8	3	0.0053068	0.0728477865140733	0.0728478	-2.27517
247	-1	6	2	0.0053068	0.0728477865140733	0.0728478	-2.27517
248	-1	8	3	0.0053067	0.0728471001481871	0.0728471	-2.27518
249	-1	8	2	0.0053067	0.0728471001481871	0.0728471	-2.27518
250	-1	6	2	0.0053066	0.0728464137758339	0.0728464	-2.27518
251	8	6	2	0.0053066	0.0728464137758339	0.0728464	-2.27518
252	-1	8	3	0.0053066	0.0728464137758339	0.0728464	-2.27518
253	-1	8	2	0.0053065	0.0728457273970135	0.0728457	-2.27519
254	-1	8	2	0.0053065	0.0728457273970135	0.0728457	-2.27519
255	1	2	1	0.0053063	0.0728443546199704	0.0728444	-2.27521
256	-1	8	3	0.0053062	0.0728436682217473	0.0728437	-2.27522
257	-1	8	2	0.0053062	0.0728436682217473	0.0728437	-2.27522
258	-1	8	3	0.0053061	0.0728429818170563	0.072843	-2.27522
259	-1	8	3	0.005306	0.0728422954058972	0.0728423	-2.27523
260	-1	8	2	0.0053058	0.072840922564174	0.0728409	-2.27525
261	-1	8	3	0.0053057	0.0728402361336096	0.0728402	-2.27526
262	-1	6	2	0.0053056	0.0728395496965762	0.0728395	-2.27527
263	2	8	2	0.0053056	0.0728395496965762	0.0728395	-2.27527
264	6	6	2	0.0053055	0.0728388632530739	0.0728389	-2.27527
265	4	8	3	0.0053055	0.0728388632530739	0.0728389	-2.27527
266	2	8	3	0.0053054	0.0728381768031024	0.0728382	-2.27528
267	8	6	2	0.0053054	0.0728381768031024	0.0728382	-2.27528
268	-1	8	2	0.0053054	0.0728381768031024	0.0728382	-2.27528
269	-1	8	3	0.0053052	0.072836803883751	0.0728368	-2.2753
270	4	8	2	0.0053051	0.0728361174143707	0.0728361	-2.27531
271	3	8	2	0.005305	0.0728354309385206	0.0728354	-2.27531
272	-1	8	3	0.005305	0.0728354309385206	0.0728354	-2.27531
273	2	8	2	0.0053047	0.0728333714721487	0.0728334	-2.27534
274	-1	8	3	0.0053047	0.0728333714721487	0.0728334	-2.27534
275	-1	8	3	0.0053047	0.0728333714721487	0.0728334	-2.27534
276	-1	8	2	0.0053046	0.0728326849704169	0.0728327	-2.27535
277	2	8	2	0.0053046	0.0728326849704169	0.0728327	-2.27535
278	-1	8	2	0.0053046	0.0728326849704169	0.0728327	-2.27535
279	-1	8	2	0.0053045	0.0728319984622144	0.072832	-2.27536
280	-1	6	2	0.0053044	0.0728313119475408	0.0728313	-2.27536
281	-1	6	2	0.0053043	0.072830625426396	0.0728306	-2.27537
282	2	8	3	0.0053042	0.0728299388987798	0.0728299	-2.27538
283	-1	6	2	0.005304	0.0728285658241325	0.0728286	-2.2754
284	-1	8	3	0.0053039	0.072827879277101	0.0728279	-2.2754
285	2	8	3	0.0053038	0.0728271927235974	0.0728272	-2.27541
286	-1	8	2	0.0053036	0.0728258195971731	0.0728258	-2.27543
287	-1	8	3	0.0053035	0.072825133024252	0.0728251	-2.27544
288	-1	8	3	0.0053035	0.072825133024252	0.0728251	-2.27544
289	-1	8	2	0.0053032	0.0728230732666509	0.0728231	-2.27546
290	4	8	3	0.0053032	0.0728230732666509	0.0728231	-2.27546
291	-1	8	2	0.0053031	0.0728223866678372	0.0728224	-2.27547
292	-1	8	3	0.005303	0.07282170006255	0.0728217	-2.27548
293	1	8	1	0.005303	0.07282170006255	0.0728217	-2.27548
294	3	8	2	0.0053029	0.072821013450789	0.072821	-2.27549
295	-1	8	2	0.0053029	0.072821013450789	0.072821	-2.27549
296	-1	8	2	0.0053028	0.0728203268325541	0.0728203	-2.27549
297	-1	8	2	0.0053027	0.072819640207845	0.0728196	-2.2755
298	-1	8	3	0.0053027	0.072819640207845	0.0728196	-2.2755
299	-1	8	2	0.0053027	0.072819640207845	0.0728196	-2.2755
300	-1	6	2	0.0053027	0.072819640207845	0.0728196	-2.2755
301	-1	8	2	0.0053027	0.072819640207845	0.0728196	-2.2755
302	-1	8	3	0.0053027	0.072819640207845	0.0728196	-2.2755
303	-1	8	3	0.0053026	0.0728189535766616	0.072819	-2.27551
304	4	8	3	0.0053025	0.0728182669390037	0.0728183	-2.27552
305	-1	6	2	0.0053025	0.0728182669390037	0.0728183	-2.27552
306	1	4	1	0.0053024	0.0728175802948711	0.0728176	-2.27553
307	-1	8	3	0.0053022	0.0728162069871811	0.0728162	-2.27554
308	3	8	2	0.0053021	0.0728155203236233	0.0728155	-2.27555
309	-1	8	3	0.0053021	0.0728155203236233	0.0728155	-2.27555
310	-1	8	3	0.0053021	0.0728155203236233	0.0728155	-2.27555
311	-1	6	3	0.0053021	0.0728155203236233	0.0728155	-2.27555
312	-1	8	2	0.0053019	0.0728141469770813	0.0728141	-2.27557
313	6	6	2	0.0053018	0.0728134602940967	0.0728135	-2.27558
314	7	8	2	0.0053017	0.0728127736046362	0.0728128	-2.27558
315	-1	8	3	0.0053017	0.0728127736046362	0.0728128	-2.27558
316	-1	8	2	0.0053017	0.0728127736046362	0.0728128	-2.27558
317	-1	8	3	0.0053016	0.0728120869086994	0.0728121	-2.27559
318	3	8	3	0.0053016	0.0728120869086994	0.0728121	-2.27559
319	4	8	3	0.0053014	0.0728107134973968	0.0728107	-2.27561
320	4	8	3	0.0053013	0.0728100267820305	0.07281	-2.27562
321	-1	8	2	0.0053011	0.0728086533318671	0.0728087	-2.27563
322	-1	8	2	0.0053011	0.0728086533318671	0.0728087	-2.27563
323	2	8	3	0.005301	0.0728079665970696	0.072808	-2.27564
324	-1	8	3	0.005301	0.0728079665970696	0.072808	-2.27564
325	-1	6	2	0.005301	0.0728079665970696	0.072808	-2.27564
326	-1	8	2	0.0053009	0.0728072798557946	0.0728073	-2.27565
327	-1	8	3	0.0053009	0.0728072798557946	0.0728073	-2.27565
328	6	8	2	0.0053009	0.0728072798557946	0.0728073	-2.27565
329	8	8	2	0.0053008	0.0728065931080421	0.0728066	-2.27566
330	3	6	2	0.0053008	0.0728065931080421	0.0728066	-2.27566
331	-1	8	3	0.0053006	0.0728052195931033	0.0728052	-2.27567
332	-1	8	3	0.0053005	0.0728045328259168	0.0728045	-2.27568
333	8	8	2	0.0053004	0.0728038460522519	0.0728038	-2.27569
334	-1	8	3	0.0053004	0.0728038460522519	0.0728038	-2.27569
335	-1	8	2	0.0053003	0.0728031592721085	0.0728032	-2.2757
336	-1	6	2	0.0053003	0.0728031592721085	0.0728032	-2.2757
337	5	6	2	0.0053001	0.0728017856923853	0.0728018	-2.27572
338	-1	8	3	0.0053001	0.0728017856923853	0.0728018	-2.27572
339	-1	8	2	0.0053	0.0728010988928052	0.0728011	-2.27572
340	-1	8	3	0.0052999	0.0728004120867458	0.0728004	-2.27573
341	-1	8	2	0.0052999	0.0728004120867458	0.0728004	-2.27573
342	-1	6	3	0.0052999	0.0728004120867458	0.0728004	-2.27573
343	-1	8	3	0.0052999	0.0728004120867458	0.0728004	-2.27573
344	-1	8	3	0.0052998	0.0727997252742069	0.0727997	-2.27574
345	-1	8	2	0.0052998	0.0727997252742069	0.0727997	-2.27574
346	-1	8	2	0.0052996	0.0727983516296901	0.0727984	-2.27576
347	2	8	3	0.0052996	0.0727983516296901	0.0727984	-2.27576
348	-1	8	2	0.0052995	0.0727976647977118	0.0727977	-2.27577
349	-1	8	3	0.0052994	0.0727969779592532	0.072797	-2.27577
350	-1	8	3	0.0052993	0.0727962911143143	0.0727963	-2.27578
351	1	6	1	0.0052993	0.0727962911143143	0.0727963	-2.27578
352	-1	8	3	0.0052993	0.0727962911143143	0.0727963	-2.27578
353	6	8	2	0.0052992	0.0727956042628949	0.0727956	-2.27579
354	3	6	3	0.005299	0.0727942305406136	0.0727942	-2.27581
355	-1	8	2	0.005299	0.0727942305406136	0.0727942	-2.27581
356	-1	4	2	0.0052988	0.0727928567924079	0.0727929	-2.27582
357	-1	8	3	0.0052988	0.0727928567924079	0.0727929	-2.27582
358	1	4	1	0.0052987	0.0727921699085829	0.0727922	-2.27583
359	-1	8	3	0.0052987	0.0727921699085829	0.0727922	-2.27583
360	-1	8	3	0.0052986	0.0727914830182762	0.0727915	-2.27584
361	-1	6	2	0.0052986	0.0727914830182762	0.0727915	-2.27584
362	-1	6	2	0.0052985	0.0727907961214878	0.0727908	-2.27585
363	-1	8	3	0.0052984	0.0727901092182173	0.0727901	-2.27586
364	-1	8	3	0.0052984	0.0727901092182173	0.0727901	-2.27586
365	-1	8	3	0.0052982	0.0727887353922295	0.0727887	-2.27587
366	3	6	2	0.0052981	0.0727880484695118	0.072788	-2.27588
367	1	8	1	0.0052981	0.0727880484695118	0.072788	-2.27588
368	7	6	2	0.005298	0.0727873615403114	0.0727874	-2.27589
369	-1	8	3	0.0052979	0.072786674604628	0.0727867	-2.2759
370	-1	8	2	0.0052978	0.0727859876624615	0.072786	-2.2759
371	3	6	2	0.0052978	0.0727859876624615	0.072786	-2.2759
372	7	8	2	0.0052975	0.0727839267970615	0.0727839	-2.27593
373	-1	8	2	0.0052975	0.0727839267970615	0.0727839	-2.27593
374	-1	8	3	0.0052975	0.0727839267970615	0.0727839	-2.27593
375	8	8	2	0.0052975	0.0727839267970615	0.0727839	-2.27593
376	-1	8	2	0.0052975	0.0727839267970615	0.0727839	-2.27593
377	-1	8	2	0.0052975	0.0727839267970615	0.0727839	-2.27593
378	-1	8	3	0.0052974	0.0727832398289606	0.0727832	-2.27594
379	4	8	3	0.0052974	0.0727832398289606	0.0727832	-2.27594
380	-1	8	2	0.005297	0.0727804918917151	0.0727805	-2.27597
381	-1	8	3	0.005297	0.0727804918917151	0.0727805	-2.27597
382	-1	6	2	0.005297	0.0727804918917151	0.0727805	-2.27597
383	-1	8	2	0.005297	0.0727804918917151	0.0727805	-2.27597
384	6	8	3	0.005297	0.0727804918917151	0.0727805	-2.27597
385	2	8	2	0.0052969	0.0727798048911922	0.0727798	-2.27598
386	-1	8	2	0.0052968	0.0727791178841843	0.0727791	-2.27599
387	-1	6	2	0.0052968	0.0727791178841843	0.0727791	-2.27599
388	-1	8	3	0.0052968	0.0727791178841843	0.0727791	-2.27599
389	3	6	2	0.0052965	0.0727770568242492	0.0727771	-2.27601
390	6	8	2	0.0052965	0.0727770568242492	0.0727771	-2.27601
391	-1	8	3	0.0052965	0.0727770568242492	0.0727771	-2.27601
392	-1	8	2	0.0052964	0.0727763697912997	0.0727764	-2.27602
393	-1	8	3	0.0052963	0.0727756827518643	0.0727757	-2.27603
394	-1	8	3	0.0052962	0.0727749957059429	0.072775	-2.27604
395	-1	8	2	0.0052962	0.0727749957059429	0.072775	-2.27604
396	4	8	3	0.0052961	0.0727743086535351	0.0727743	-2.27604
397	1	4	1	0.0052959	0.0727729345292603	0.0727729	-2.27606
398	-1	8	3	0.0052958	0.0727722474573927	0.0727722	-2.27607
399	4	8	3	0.0052958	0.0727722474573927	0.0727722	-2.27607
400	3	8	2	0.0052957	0.0727715603790382	0.0727716	-2.27608
401	-1	8	3	0.0052956	0.0727708732941965	0.0727709	-2.27608
402	-1	8	3	0.0052956	0.0727708732941965	0.0727709	-2.27608
403	2	8	2	0.0052955	0.0727701862028674	0.0727702	-2.27609
404	-1	8	3	0.0052955	0.0727701862028674	0.0727702	-2.27609
405	-1	8	2	0.0052953	0.0727688120007466	0.0727688	-2.27611
406	1	8	1	0.0052952	0.0727681248899544	0.0727681	-2.27612
407	-1	8	2	0.0052952	0.0727681248899544	0.0727681	-2.27612
408	-1	8	3	0.0052952	0.0727681248899544	0.0727681	-2.27612
409	2	8	3	0.0052952	0.0727681248899544	0.0727681	-2.27612
410	-1	8	2	0.0052952	0.0727681248899544	0.0727681	-2.27612
411	-1	8	2	0.0052951	0.0727674377726741	0.0727674	-2.27613
412	6	8	2	0.0052951	0.0727674377726741	0.0727674	-2.27613
413	2	8	2	0.005295	0.0727667506489056	0.0727668	-2.27613
414	-1	8	3	0.005295	0.0727667506489056	0.0727668	-2.27613
415	-1	8	2	0.0052949	0.0727660635186486	0.0727661	-2.27614
416	-1	8	2	0.0052949	0.0727660635186486	0.0727661	-2.27614
417	4	8	3	0.0052947	0.0727646892386685	0.0727647	-2.27616
418	-1	8	2	0.0052947	0.0727646892386685	0.0727647	-2.27616
419	2	8	2	0.0052946	0.0727640020889451	0.072764	-2.27617
420	8	8	3	0.0052944	0.0727626277700304	0.0727626	-2.27618
421	-1	6	2	0.0052944	0.0727626277700304	0.0727626	-2.27618
422	-1	8	3	0.0052942	0.0727612534251575	0.0727613	-2.2762
423	2	8	3	0.005294	0.072759879054325	0.0727599	-2.27622
424	-1	6	2	0.005294	0.072759879054325	0.0727599	-2.27622
425	-1	8	3	0.0052938	0.0727585046575313	0.0727585	-2.27623
426	-1	8	2	0.0052937	0.0727578174493985	0.0727578	-2.27624
427	-1	6	2	0.0052936	0.0727571302347749	0.0727571	-2.27625
428	7	8	3	0.0052936	0.0727571302347749	0.0727571	-2.27625
429	2	8	3	0.0052936	0.0727571302347749	0.0727571	-2.27625
430	5	8	3	0.0052936	0.0727571302347749	0.0727571	-2.27625
431	5	4	2	0.0052935	0.0727564430136603	0.0727564	-2.27626
432	-1	8	2	0.0052934	0.0727557557860545	0.0727558	-2.27627
433	5	8	2	0.0052932	0.0727543813113685	0.0727544	-2.27628
434	5	6	2	0.0052932	0.0727543813113685	0.0727544	-2.27628
435	2	8	3	0.0052931	0.0727536940642879	0.0727537	-2.27629
436	4	8	3	0.005293	0.0727530068107154	0.072753	-2.2763
437	5	8	3	0.005293	0.0727530068107154	0.072753	-2.2763
438	-1	8	3	0.005293	0.0727530068107154	0.072753	-2.2763
439	2	8	3	0.0052929	0.0727523195506508	0.0727523	-2.27631
440	8	6	2	0.0052928	0.0727516322840938	0.0727516	-2.27631
441	-1	8	2	0.0052928	0.0727516322840938	0.0727516	-2.27631
442	-1	8	3	0.0052928	0.0727516322840938	0.0727516	-2.27631
443	1	4	1	0.0052927	0.0727509450110444	0.0727509	-2.27632
444	2	8	3	0.0052926	0.0727502577315022	0.0727503	-2.27633
445	7	8	2	0.0052924	0.0727488831529392	0.0727489	-2.27635
446	-1	6	3	0.0052923	0.0727481958539179	0.0727482	-2.27636
447	-1	8	2	0.0052923	0.0727481958539179	0.0727482	-2.27636
448	-1	6	2	0.0052922	0.0727475085484032	0.0727475	-2.27636
449	-1	8	2	0.0052922	0.0727475085484032	0.0727475	-2.27636
450	5	8	2	0.0052921	0.0727468212363949	0.0727468	-2.27637
451	-1	8	3	0.005292	0.0727461339178928	0.0727461	-2.27638
452	-1	8	2	0.0052919	0.0727454465928968	0.0727454	-2.27639
453	-1	8	3	0.0052919	0.0727454465928968	0.0727454	-2.27639
454	-1	8	3	0.0052919	0.0727454465928968	0.0727454	-2.27639
455	-1	8	2	0.0052919	0.0727454465928968	0.0727454	-2.27639
456	-1	8	2	0.0052918	0.0727447592614066	0.0727448	-2.2764
457	-1	8	3	0.0052917	0.0727440719234221	0.0727441	-2.2764
458	-1	6	2	0.0052915	0.0727426972279692	0.0727427	-2.27642
459	-1	8	3	0.0052915	0.0727426972279692	0.0727427	-2.27642
460	-1	8	3	0.0052914	0.0727420098705006	0.072742	-2.27643
461	-1	8	2	0.0052914	0.0727420098705006	0.072742	-2.27643
462	5	6	2	0.0052913	0.0727413225065368	0.0727413	-2.27644
463	6	8	2	0.0052913	0.0727413225065368	0.0727413	-2.27644
464	-1	8	3	0.0052913	0.0727413225065368	0.0727413	-2.27644
465	-1	6	2	0.0052913	0.0727413225065368	0.0727413	-2.27644
466	-1	8	2	0.0052912	0.0727406351360778	0.0727406	-2.27645
467	-1	8	3	0.0052911	0.0727399477591234	0.0727399	-2.27645
468	-1	8	2	0.005291	0.0727392603756733	0.0727393	-2.27646
469	7	8	2	0.0052909	0.0727385729857275	0.0727386	-2.27647
470	2	8	3	0.0052909	0.0727385729857275	0.0727386	-2.27647
471	-1	8	3	0.0052908	0.0727378855892856	0.0727379	-2.27648
472	-1	8	2	0.0052907	0.0727371981863475	0.0727372	-2.27649
473	3	8	3	0.0052907	0.0727371981863475	0.0727372	-2.27649
474	-1	6	2	0.0052906	0.0727365107769131	0.0727365	-2.2765
475	7	8	2	0.0052906	0.0727365107769131	0.0727365	-2.2765
476	-1	8	2	0.0052906	0.0727365107769131	0.0727365	-2.2765
477	8	4	2	0.0052904	0.0727351359385545	0.0727351	-2.27651
478	6	8	2	0.0052904	0.0727351359385545	0.0727351	-2.27651
479	4	8	3	0.0052904	0.0727351359385545	0.0727351	-2.27651
480	-1	8	2	0.0052904	0.0727351359385545	0.0727351	-2.27651
481	-1	8	3	0.0052903	0.0727344485096299	0.0727344	-2.27652
482	1	4	1	0.0052903	0.0727344485096299	0.0727344	-2.27652
483	-1	8	3	0.0052903	0.0727344485096299	0.0727344	-2.27652
484	-1	8	3	0.0052902	0.0727337610742082	0.0727338	-2.27653
485	-1	6	2	0.0052902	0.0727337610742082	0.0727338	-2.27653
486	-1	8	3	0.0052899	0.0727316987289586	0.0727317	-2.27655
487	7	8	3	0.0052899	0.0727316987289586	0.0727317	-2.27655
488	1	6	1	0.0052898	0.0727310112675467	0.072731	-2.27656
489	-1	6	2	0.0052898	0.0727310112675467	0.072731	-2.27656
490	8	8	2	0.0052896	0.0727296363252285	0.0727296	-2.27658
491	8	8	3	0.0052895	0.072728948844322	0.0727289	-2.27659
492	-1	8	3	0.0052895	0.072728948844322	0.0727289	-2.27659
493	-1	8	3	0.0052892	0.0727268863626101	0.0727269	-2.27661
494	1	6	1	0.0052892	0.0727268863626101	0.0727269	-2.27661
495	-1	8	3	0.0052892	0.0727268863626101	0.0727269	-2.27661
496	-1	8	2	0.0052891	0.0727261988557081	0.0727262	-2.27662
497	-1	8	2	0.0052891	0.0727261988557081	0.0727262	-2.27662
498	-1	8	3	0.0052891	0.0727261988557081	0.0727262	-2.27662
499	2	8	3	0.0052889	0.0727248238224061	0.0727248	-2.27663
500	-1	6	2	0.0052888	0.0727241362960056	0.0727241	-2.27664
501	6	8	2	0.0052887	0.0727234487631053	0.0727234	-2.27665
502	-1	8	3	0.0052887	0.0727234487631053	0.0727234	-2.27665
503	8	8	2	0.0052886	0.0727227612237049	0.0727228	-2.27666
504	6	6	2	0.0052885	0.0727220736778043	0.0727221	-2.27667
505	-1	8	2	0.0052884	0.0727213861254033	0.0727214	-2.27668
506	-1	8	3	0.0052884	0.0727213861254033	0.0727214	-2.27668
507	8	8	2	0.0052884	0.0727213861254033	0.0727214	-2.27668
508	6	8	3	0.0052883	0.0727206985665017	0.0727207	-2.27668
509	6	8	2	0.0052883	0.0727206985665017	0.0727207	-2.27668
510	1	4	1	0.0052882	0.0727200110010993	0.07272	-2.27669
511	-1	8	3	0.0052882	0.0727200110010993	0.07272	-2.27669
512	4	8	3	0.0052881	0.0727193234291959	0.0727193	-2.2767
513	7	8	3	0.0052881	0.0727193234291959	0.0727193	-2.2767
514	-1	8	3	0.0052881	0.0727193234291959	0.0727193	-2.2767
515	1	4	1	0.005288	0.0727186358507914	0.0727186	-2.27671
516	-1	8	3	0.005288	0.0727186358507914	0.0727186	-2.27671
517	4	6	2	0.0052879	0.0727179482658855	0.0727179	-2.27672
518	-1	8	2	0.0052879	0.0727179482658855	0.0727179	-2.27672
519	-1	8	3	0.0052878	0.0727172606744781	0.0727173	-2.27672
520	-1	8	2	0.0052877	0.072716573076569	0.0727166	-2.27673
521	5	8	3	0.0052877	0.072716573076569	0.0727166	-2.27673
522	-1	8	2	0.0052877	0.072716573076569	0.0727166	-2.27673
523	2	8	2	0.0052875	0.0727151978612449	0.0727152	-2.27675
524	-1	8	3	0.0052874	0.0727145102438296	0.0727145	-2.27676
525	-1	8	2	0.0052873	0.0727138226199118	0.0727138	-2.27677
526	4	8	3	0.0052873	0.0727138226199118	0.0727138	-2.27677
527	-1	8	3	0.0052872	0.0727131349894914	0.0727131	-2.27677
528	4	8	2	0.0052872	0.0727131349894914	0.0727131	-2.27677
529	2	8	3	0.0052872	0.0727131349894914	0.0727131	-2.27677
530	-1	8	2	0.0052871	0.0727124473525682	0.0727124	-2.27678
531	1	2	1	0.0052869	0.0727110720592126	0.0727111	-2.2768
532	7	8	2	0.0052869	0.0727110720592126	0.0727111	-2.2768
533	-1	6	2	0.0052867	0.0727096967398434	0.0727097	-2.27682
534	5	8	2	0.0052867	0.0727096967398434	0.0727097	-2.27682
535	8	4	2	0.0052866	0.0727090090704034	0.072709	-2.27682
536	3	6	2	0.0052866	0.0727090090704034	0.072709	-2.27682
537	-1	8	3	0.0052866	0.0727090090704034	0.072709	-2.27682
538	-1	8	2	0.0052865	0.0727083213944594	0.0727083	-2.27683
539	1	8	1	0.0052865	0.0727083213944594	0.0727083	-2.27683
540	2	8	3	0.0052864	0.0727076337120113	0.0727076	-2.27684
541	6	6	2	0.0052863	0.0727069460230589	0.0727069	-2.27685
542	-1	6	3	0.0052863	0.0727069460230589	0.0727069	-2.27685
543	-1	6	2	0.0052863	0.0727069460230589	0.0727069	-2.27685
544	-1	8	2	0.0052863	0.0727069460230589	0.0727069	-2.27685
545	1	4	1	0.0052863	0.0727069460230589	0.0727069	-2.27685
546	-1	8	3	0.0052863	0.0727069460230589	0.0727069	-2.27685
547	-1	6	2	0.005286	0.0727048829171741	0.0727049	-2.27687
548	5	6	2	0.005286	0.0727048829171741	0.0727049	-2.27687
549	-1	8	2	0.0052859	0.0727041952022027	0.0727042	-2.27688
550	-1	8	3	0.0052859	0.0727041952022027	0.0727042	-2.27688
551	-1	6	2	0.0052859	0.0727041952022027	0.0727042	-2.27688
552	-1	8	3	0.0052856	0.0727021320182565	0.0727021	-2.27691
553	-1	8	2	0.0052856	0.0727021320182565	0.0727021	-2.27691
554	-1	8	3	0.0052856	0.0727021320182565	0.0727021	-2.27691
555	-1	8	2	0.0052856	0.0727021320182565	0.0727021	-2.27691
556	-1	6	2	0.0052855	0.0727014442772632	0.0727014	-2.27691
557	-1	8	3	0.0052855	0.0727014442772632	0.0727014	-2.27691
558	-1	8	2	0.0052855	0.0727014442772632	0.0727014	-2.27691
559	-1	8	3	0.0052855	0.0727014442772632	0.0727014	-2.27691
560	1	6	1	0.0052854	0.0727007565297638	0.0727008	-2.27692
561	3	6	2	0.0052853	0.0727000687757584	0.0727001	-2.27693
562	3	8	2	0.0052852	0.0726993810152466	0.0726994	-2.27694
563	-1	8	3	0.005285	0.0726980054747034	0.072698	-2.27696
564	-1	8	3	0.0052849	0.0726973176946715	0.0726973	-2.27696
565	-1	6	2	0.0052849	0.0726973176946715	0.0726973	-2.27696
566	3	8	2	0.0052849	0.0726973176946715	0.0726973	-2.27696
567	2	8	3	0.0052848	0.0726966299081326	0.0726966	-2.27697
568	-1	8	3	0.0052848	0.0726966299081326	0.0726966	-2.27697
569	-1	8	2	0.0052847	0.0726959421150865	0.0726959	-2.27698
570	-1	8	3	0.0052846	0.0726952543155329	0.0726953	-2.27699
571	-1	8	3	0.0052846	0.0726952543155329	0.0726953	-2.27699
572	-1	8	3	0.0052846	0.0726952543155329	0.0726953	-2.27699
573	-1	6	2	0.0052845	0.0726945665094717	0.0726946	-2.277
574	-1	6	2	0.0052845	0.0726945665094717	0.0726946	-2.277
575	-1	8	2	0.0052844	0.0726938786969027	0.0726939	-2.277
576	4	6	3	0.0052842	0.0726925030522405	0.0726925	-2.27702
577	7	8	3	0.0052841	0.072691815220147	0.0726918	-2.27703
578	4	8	3	0.005284	0.072691127381545	0.0726911	-2.27704
579	-1	8	3	0.005284	0.072691127381545	0.0726911	-2.27704
580	-1	8	2	0.005284	0.072691127381545	0.0726911	-2.27704
581	6	4	2	0.005284	0.072691127381545	0.0726911	-2.27704
582	3	6	2	0.0052838	0.0726897516848145	0.0726898	-2.27705
583	-1	8	3	0.0052837	0.0726890638266858	0.0726891	-2.27706
584	-1	8	3	0.0052837	0.0726890638266858	0.0726891	-2.27706
585	-1	8	2	0.0052836	0.0726883759620477	0.0726884	-2.27707
586	-1	8	3	0.0052836	0.0726883759620477	0.0726884	-2.27707
587	7	8	2	0.0052835	0.0726876880909002	0.0726877	-2.27708
588	7	6	2	0.0052835	0.0726876880909002	0.0726877	-2.27708
589	-1	4	2	0.0052835	0.0726876880909002	0.0726877	-2.27708
590	6	6	2	0.0052835	0.0726876880909002	0.0726877	-2.27708
591	2	8	3	0.0052834	0.0726870002132431	0.072687	-2.27709
592	3	8	2	0.0052833	0.0726863123290761	0.0726863	-2.27709
593	-1	8	2	0.0052832	0.0726856244383991	0.0726856	-2.2771
594	-1	8	2	0.0052832	0.0726856244383991	0.0726856	-2.2771
595	-1	8	3	0.0052831	0.0726849365412119	0.0726849	-2.27711
596	-1	6	2	0.0052828	0.0726828728105872	0.0726829	-2.27714
597	-1	8	2	0.0052828	0.0726828728105872	0.0726829	-2.27714
598	-1	8	3	0.0052828	0.0726828728105872	0.0726829	-2.27714
599	-1	8	2	0.0052828	0.0726828728105872	0.0726829	-2.27714
600	-1	6	2	0.0052827	0.0726821848873574	0.0726822	-2.27714
601	-1	6	2	0.0052826	0.0726814969576164	0.0726815	-2.27715
602	-1	8	2	0.0052826	0.0726814969576164	0.0726815	-2.27715
603	-1	6	2	0.0052826	0.0726814969576164	0.0726815	-2.27715
604	-1	8	2	0.0052826	0.0726814969576164	0.0726815	-2.27715
605	-1	8	3	0.0052826	0.0726814969576164	0.0726815	-2.27715
606	6	8	2	0.0052825	0.0726808090213641	0.0726808	-2.27716
607	6	8	3	0.0052825	0.0726808090213641	0.0726808	-2.27716
608	2	8	3	0.0052824	0.0726801210786003	0.0726801	-2.27717
609	-1	6	2	0.0052824	0.0726801210786003	0.0726801	-2.27717
610	-1	8	2	0.0052822	0.0726787451735375	0.0726787	-2.27719
611	-1	8	3	0.0052821	0.0726780572112381	0.0726781	-2.27719
612	-1	6	2	0.005282	0.0726773692424265	0.0726774	-2.2772
613	-1	8	3	0.005282	0.0726773692424265	0.0726774	-2.2772
614	-1	8	3	0.0052819	0.0726766812671024	0.0726767	-2.27721
615	1	6	1	0.0052819	0.0726766812671024	0.0726767	-2.27721
616	4	8	2	0.0052819	0.0726766812671024	0.0726767	-2.27721
617	1	2	1	0.0052818	0.0726759932852658	0.072676	-2.27722
618	-1	8	2	0.0052818	0.0726759932852658	0.072676	-2.27722
619	2	8	2	0.0052818	0.0726759932852658	0.072676	-2.27722
620	-1	8	2	0.0052817	0.0726753052969164	0.0726753	-2.27723
621	-1	8	3	0.0052817	0.0726753052969164	0.0726753	-2.27723
622	-1	8	3	0.0052816	0.0726746173020539	0.0726746	-2.27723
623	1	2	1	0.0052814	0.0726732412927895	0.0726732	-2.27725
624	-1	8	3	0.0052813	0.072672553278387	0.0726726	-2.27726
625	2	8	2	0.0052813	0.072672553278387	0.0726726	-2.27726
626	-1	6	2	0.0052812	0.0726718652574709	0.0726719	-2.27727
627	-1	6	2	0.005281	0.0726704891960967	0.0726705	-2.27728
628	-1	8	3	0.0052807	0.0726684250551779	0.0726684	-2.27731
629	-1	6	2	0.0052806	0.0726677369951755	0.0726677	-2.27732
630	-1	8	2	0.0052806	0.0726677369951755	0.0726677	-2.27732
631	-1	8	2	0.0052805	0.0726670489286582	0.072667	-2.27732
632	-1	8	3	0.0052805	0.0726670489286582	0.072667	-2.27732
633	1	4	1	0.0052804	0.0726663608556256	0.0726664	-2.27733
634	-1	8	2	0.0052803	0.0726656727760777	0.0726657	-2.27734
635	3	8	3	0.0052802	0.0726649846900142	0.072665	-2.27735
636	-1	8	2	0.0052799	0.0726629203927285	0.0726629	-2.27737
637	-1	8	3	0.0052799	0.0726629203927285	0.0726629	-2.27737
638	-1	8	3	0.0052799	0.0726629203927285	0.0726629	-2.27737
639	2	8	2	0.0052796	0.072660856036796	0.0726609	-2.2774
640	-1	8	3	0.0052795	0.0726601679051184	0.0726602	-2.27741
641	-1	8	3	0.0052794	0.0726594797669237	0.0726595	-2.27742
642	-1	8	2	0.0052794	0.0726594797669237	0.0726595	-2.27742
643	-1	8	2	0.0052794	0.0726594797669237	0.0726595	-2.27742
644	-1	8	2	0.0052793	0.0726587916222118	0.0726588	-2.27742
645	-1	8	3	0.0052793	0.0726587916222118	0.0726588	-2.27742
646	7	8	3	0.0052792	0.0726581034709825	0.0726581	-2.27743
647	-1	8	2	0.0052792	0.0726581034709825	0.0726581	-2.27743
648	3	8	3	0.0052791	0.0726574153132356	0.0726574	-2.27744
649	-1	8	3	0.005279	0.0726567271489709	0.0726567	-2.27745
650	-1	8	3	0.005279	0.0726567271489709	0.0726567	-2.27745
651	-1	8	3	0.005279	0.0726567271489709	0.0726567	-2.27745
652	-1	8	2	0.005279	0.0726567271489709	0.0726567	-2.27745
653	-1	8	3	0.0052789	0.0726560389781882	0.072656	-2.27746
654	-1	8	2	0.0052787	0.0726546626170682	0.0726547	-2.27747
655	-1	8	3	0.0052787	0.0726546626170682	0.0726547	-2.27747
656	-1	8	3	0.0052786	0.0726539744267304	0.072654	-2.27748
657	-1	8	2	0.0052785	0.072653286229874	0.0726533	-2.27749
658	-1	8	3	0.0052785	0.072653286229874	0.0726533	-2.27749
659	-1	8	3	0.0052784	0.0726525980264987	0.0726526	-2.2775
660	-1	8	3	0.0052784	0.0726525980264987	0.0726526	-2.2775
661	5	8	2	0.0052782	0.0726512216001906	0.0726512	-2.27751
662	-1	4	2	0.005278	0.0726498451478047	0.0726498	-2.27753
663	-1	8	2	0.005278	0.0726498451478047	0.0726498	-2.27753
664	-1	6	2	0.0052779	0.0726491569118321	0.0726492	-2.27754
665	-1	6	2	0.0052779	0.0726491569118321	0.0726492	-2.27754
666	7	8	2	0.0052779	0.0726491569118321	0.0726492	-2.27754
667	-1	6	3	0.0052778	0.0726484686693395	0.0726485	-2.27755
668	-1	8	3	0.0052777	0.0726477804203267	0.0726478	-2.27756
669	-1	8	3	0.0052777	0.0726477804203267	0.0726478	-2.27756
670	6	8	2	0.0052776	0.0726470921647935	0.0726471	-2.27756
671	-1	6	2	0.0052774	0.0726457156341652	0.0726457	-2.27758
672	6	8	2	0.0052774	0.0726457156341652	0.0726457	-2.27758
673	-1	8	3	0.0052774	0.0726457156341652	0.0726457	-2.27758
674	-1	8	3	0.0052773	0.0726450273590698	0.072645	-2.27759
675	5	6	2	0.0052772	0.0726443390774532	0.0726443	-2.2776
676	-1	8	2	0.0052771	0.0726436507893154	0.0726437	-2.2776
677	-1	8	3	0.0052771	0.0726436507893154	0.0726437	-2.2776
678	-1	8	2	0.0052771	0.0726436507893154	0.0726437	-2.2776
679	-1	6	2	0.005277	0.072642962494656	0.072643	-2.27761
680	-1	6	2	0.005277	0.072642962494656	0.072643	-2.27761
681	-1	8	3	0.0052769	0.072642274193475	0.0726423	-2.27762
682	1	8	1	0.0052769	0.072642274193475	0.0726423	-2.27762
683	-1	8	3	0.0052767	0.0726408975715471	0.0726409	-2.27764
684	-1	4	2	0.0052766	0.0726402092507999	0.0726402	-2.27765
685	-1	6	2	0.0052765	0.0726395209235303	0.0726395	-2.27765
686	-1	8	3	0.0052764	0.0726388325897381	0.0726388	-2.27766
687	-1	8	3	0.0052763	0.0726381442494231	0.0726381	-2.27767
688	-1	8	3	0.0052762	0.0726374559025851	0.0726375	-2.27768
689	-1	8	3	0.0052759	0.0726353908229315	0.0726354	-2.2777
690	-1	8	3	0.0052758	0.0726347024499998	0.0726347	-2.27771
691	-1	8	3	0.0052758	0.0726347024499998	0.0726347	-2.27771
692	-1	8	3	0.0052755	0.0726326372920604	0.0726326	-2.27774
693	-1	8	3	0.0052754	0.0726319488930319	0.0726319	-2.27774
694	3	8	2	0.0052754	0.0726319488930319	0.0726319	-2.27774
695	-1	8	3	0.0052754	0.0726319488930319	0.0726319	-2.27774
696	-1	8	3	0.0052754	0.0726319488930319	0.0726319	-2.27774
697	-1	8	3	0.0052752	0.0726305720754009	0.0726306	-2.27776
698	3	6	2	0.0052752	0.0726305720754009	0.0726306	-2.27776
699	-1	8	3	0.0052752	0.0726305720754009	0.0726306	-2.27776
700	8	8	2	0.0052751	0.0726298836567979	0.0726299	-2.27777
701	1	2	1	0.005275	0.0726291952316697	0.0726292	-2.27778
702	-1	8	2	0.005275	0.0726291952316697	0.0726292	-2.27778
703	-1	4	2	0.0052746	0.0726264414659014	0.0726264	-2.27781
704	-1	6	2	0.0052746	0.0726264414659014	0.0726264	-2.27781
705	4	8	3	0.0052745	0.0726257530081444	0.0726258	-2.27782
706	-1	8	3	0.0052745	0.0726257530081444	0.0726258	-2.27782
707	-1	8	2	0.0052744	0.0726250645438612	0.0726251	-2.27783
708	2	8	3	0.0052744	0.0726250645438612	0.0726251	-2.27783
709	1	4	1	0.0052744	0.0726250645438612	0.0726251	-2.27783
710	8	4	2	0.0052743	0.0726243760730514	0.0726244	-2.27784
711	-1	8	2	0.0052742	0.0726236875957149	0.0726237	-2.27784
712	3	6	3	0.0052741	0.0726229991118516	0.072623	-2.27785
713	3	8	3	0.0052741	0.0726229991118516	0.072623	-2.27785
714	-1	8	2	0.005274	0.0726223106214612	0.0726223	-2.27786
715	2	6	2	0.0052736	0.0726195565946254	0.0726196	-2.27789
716	-1	8	3	0.0052736	0.0726195565946254	0.0726196	-2.27789
717	-1	8	3	0.0052735	0.0726188680715969	0.0726189	-2.2779
718	-1	8	3	0.0052735	0.0726188680715969	0.0726189	-2.2779
719	-1	8	3	0.0052734	0.0726181795420403	0.0726182	-2.27791
720	-1	8	3	0.0052733	0.0726174910059553	0.0726175	-2.27792
721	-1	8	3	0.0052732	0.0726168024633418	0.0726168	-2.27793
722	-1	8	2	0.0052731	0.0726161139141995	0.0726161	-2.27793
723	-1	6	2	0.0052729	0.0726147367963281	0.0726147	-2.27795
724	-1	4	2	0.0052728	0.0726140482275985	0.072614	-2.27796
725	-1	8	3	0.0052728	0.0726140482275985	0.072614	-2.27796
726	-1	8	3	0.0052726	0.0726126710705508	0.0726127	-2.27798
727	-1	8	3	0.0052726	0.0726126710705508	0.0726127	-2.27798
728	-1	8	3	0.0052722	0.0726099166780957	0.0726099	-2.27801
729	-1	8	3	0.0052722	0.0726099166780957	0.0726099	-2.27801
730	-1	8	2	0.0052719	0.0726078508151839	0.0726079	-2.27803
731	-1	8	3	0.0052719	0.0726078508151839	0.0726079	-2.27803
732	-1	8	3	0.0052719	0.0726078508151839	0.0726079	-2.27803
733	-1	8	2	0.0052717	0.0726064735405873	0.0726065	-2.27805
734	-1	8	2	0.0052717	0.0726064735405873	0.0726065	-2.27805
735	-1	8	3	0.0052715	0.0726050962398646	0.0726051	-2.27807
736	1	4	1	0.0052714	0.0726044075797055	0.0726044	-2.27807
737	-1	8	3	0.0052714	0.0726044075797055	0.0726044	-2.27807
738	-1	8	3	0.0052713	0.0726037189130144	0.0726037	-2.27808
739	-1	8	2	0.0052713	0.0726037189130144	0.0726037	-2.27808
740	-1	8	3	0.0052712	0.072603030239791	0.072603	-2.27809
741	-1	8	3	0.0052711	0.0726023415600351	0.0726023	-2.2781
742	-1	8	2	0.0052709	0.0726009641809253	0.072601	-2.27812
743	7	8	3	0.0052709	0.0726009641809253	0.072601	-2.27812
744	-1	8	2	0.0052709	0.0726009641809253	0.072601	-2.27812
745	-1	8	2	0.0052708	0.072600275481571	0.0726003	-2.27812
746	4	8	3	0.0052706	0.0725988980632626	0.0725989	-2.27814
747	-1	8	3	0.0052703	0.0725968318867979	0.0725968	-2.27816
748	8	6	2	0.0052703	0.0725968318867979	0.0725968	-2.27816
749	-1	8	3	0.0052702	0.0725961431482417	0.0725961	-2.27817
750	7	8	3	0.0052702	0.0725961431482417	0.0725961	-2.27817
751	-1	8	2	0.0052702	0.0725961431482417	0.0725961	-2.27817
752	3	6	2	0.00527	0.0725947656515261	0.0725948	-2.27819
753	-1	8	3	0.0052699	0.0725940768933664	0.0725941	-2.2782
754	6	8	3	0.0052699	0.0725940768933664	0.0725941	-2.2782
755	-1	6	2	0.0052699	0.0725940768933664	0.0725941	-2.2782
756	-1	6	2	0.0052695	0.0725913217953772	0.0725913	-2.27823
757	-1	8	3	0.0052695	0.0725913217953772	0.0725913	-2.27823
758	-1	8	2	0.0052695	0.0725913217953772	0.0725913	-2.27823
759	8	6	2	0.0052694	0.0725906330045413	0.0725906	-2.27824
760	6	8	3	0.0052694	0.0725906330045413	0.0725906	-2.27824
761	-1	8	3	0.0052692	0.072589255403262	0.0725893	-2.27826
762	1	4	1	0.005269	0.072587877775838	0.0725879	-2.27827
763	-1	4	2	0.0052689	0.0725871889523213	0.0725872	-2.27828
764	1	2	1	0.0052689	0.0725871889523213	0.0725872	-2.27828
765	-1	8	3	0.0052687	0.0725858112856776	0.0725858	-2.2783
766	8	8	3	0.0052687	0.0725858112856776	0.0725858	-2.2783
767	-1	6	2	0.0052687	0.0725858112856776	0.0725858	-2.2783
768	-1	8	2	0.0052687	0.0725858112856776	0.0725858	-2.2783
769	-1	6	2	0.0052687	0.0725858112856776	0.0725858	-2.2783
770	-1	8	2	0.0052685	0.0725844335928855	0.0725844	-2.27831
771	6	8	2	0.0052683	0.0725830558739435	0.0725831	-2.27833
772	-1	8	2	0.0052682	0.0725823670046658	0.0725824	-2.27834
773	7	6	2	0.005268	0.0725809892464962	0.072581	-2.27835
774	1	4	1	0.005268	0.0725809892464962	0.072581	-2.27835
775	5	8	3	0.0052678	0.072579611462173	0.0725796	-2.27837
776	-1	6	2	0.0052678	0.072579611462173	0.0725796	-2.27837
777	-1	6	2	0.0052677	0.0725789225602034	0.0725789	-2.27838
778	-1	8	2	0.0052675	0.072577544736647	0.0725775	-2.2784
779	8	6	2	0.0052674	0.0725768558150599	0.0725769	-2.2784
780	-1	8	3	0.0052672	0.072575477952267	0.0725755	-2.27842
781	-1	8	3	0.005267	0.0725741000633146	0.0725741	-2.27844
782	-1	8	2	0.0052669	0.0725734111090281	0.0725734	-2.27844
783	7	8	3	0.0052668	0.0725727221482011	0.0725727	-2.27845
784	4	8	3	0.0052668	0.0725727221482011	0.0725727	-2.27845
785	-1	8	2	0.0052667	0.0725720331808335	0.072572	-2.27846
786	-1	8	3	0.0052666	0.0725713442069251	0.0725713	-2.27847
787	4	8	3	0.0052666	0.0725713442069251	0.0725713	-2.27847
788	-1	8	3	0.0052666	0.0725713442069251	0.0725713	-2.27847
789	-1	8	3	0.0052666	0.0725713442069251	0.0725713	-2.27847
790	-1	8	3	0.0052663	0.0725692772459531	0.0725693	-2.27849
791	-1	8	3	0.0052662	0.0725685882458795	0.0725686	-2.2785
792	2	8	3	0.0052661	0.0725678992392642	0.0725679	-2.27851
793	-1	6	2	0.0052661	0.0725678992392642	0.0725679	-2.27851
794	-1	8	3	0.0052658	0.0725658321801659	0.0725658	-2.27854
795	-1	8	3	0.0052656	0.0725644541080549	0.0725645	-2.27855
796	-1	8	3	0.0052656	0.0725644541080549	0.0725645	-2.27855
797	-1	8	3	0.0052655	0.0725637650621851	0.0725638	-2.27856
798	-1	8	2	0.0052652	0.0725616978853169	0.0725617	-2.27859
799	2	8	3	0.0052651	0.0725610088132738	0.072561	-2.27859
800	-1	8	2	0.0052651	0.0725610088132738	0.072561	-2.27859
801	2	8	3	0.005265	0.0725603197346869	0.0725603	-2.2786
802	-1	8	2	0.005265	0.0725603197346869	0.0725603	-2.2786
803	-1	6	2	0.0052649	0.0725596306495561	0.0725596	-2.27861
804	3	8	3	0.0052649	0.0725596306495561	0.0725596	-2.27861
805	-1	6	2	0.0052648	0.0725589415578811	0.0725589	-2.27862
806	-1	6	2	0.0052646	0.0725575633548977	0.0725576	-2.27863
807	-1	8	3	0.0052646	0.0725575633548977	0.0725576	-2.27863
808	-1	8	3	0.0052646	0.0725575633548977	0.0725576	-2.27863
809	-1	8	2	0.0052644	0.0725561851257355	0.0725562	-2.27865
810	4	8	3	0.0052641	0.0725541177329034	0.0725541	-2.27868
811	-1	6	2	0.0052641	0.0725541177329034	0.0725541	-2.27868
812	-1	8	3	0.0052641	0.0725541177329034	0.0725541	-2.27868
813	8	8	2	0.005264	0.0725534285888682	0.0725534	-2.27868
814	-1	6	2	0.005264	0.0725534285888682	0.0725534	-2.27868
815	4	6	2	0.005264	0.0725534285888682	0.0725534	-2.27868
816	-1	8	3	0.0052639	0.0725527394382872	0.0725527	-2.27869
817	-1	8	2	0.0052639	0.0725527394382872	0.0725527	-2.27869
818	-1	8	2	0.0052637	0.072551361117487	0.0725514	-2.27871
819	6	8	3	0.0052637	0.072551361117487	0.0725514	-2.27871
820	-1	8	2	0.0052635	0.0725499827705011	0.07255	-2.27873
821	-1	8	2	0.0052634	0.072549293587188	0.0725493	-2.27873
822	-1	8	3	0.005263	0.0725465367884643	0.0725465	-2.27877
823	-1	8	2	0.005263	0.0725465367884643	0.0725465	-2.27877
824	-1	8	3	0.005263	0.0725465367884643	0.0725465	-2.27877
825	-1	8	3	0.005263	0.0725465367884643	0.0725465	-2.27877
826	6	8	2	0.0052629	0.0725458475724145	0.0725458	-2.27877
827	-1	8	2	0.0052629	0.0725458475724145	0.0725458	-2.27877
828	-1	6	2	0.0052627	0.0725444691206711	0.0725445	-2.27879
829	7	8	3	0.0052626	0.072543779884977	0.0725438	-2.2788
830	-1	8	2	0.0052624	0.0725424013939434	0.0725424	-2.27882
831	-1	8	2	0.0052623	0.0725417121386034	0.0725417	-2.27882
832	-1	8	3	0.0052623	0.0725417121386034	0.0725417	-2.27882
833	-1	8	2	0.0052622	0.0725410228767144	0.072541	-2.27883
834	-1	8	3	0.0052621	0.0725403336082762	0.0725403	-2.27884
835	-1	8	3	0.005262	0.0725396443332885	0.0725396	-2.27885
836	4	8	3	0.005262	0.0725396443332885	0.0725396	-2.27885
837	-1	8	3	0.005262	0.0725396443332885	0.0725396	-2.27885
838	3	8	2	0.0052618	0.0725382657636643	0.0725383	-2.27887
839	-1	8	3	0.0052617	0.0725375764690274	0.0725376	-2.27887
840	-1	8	2	0.0052614	0.072535508545815	0.0725355	-2.2789
841	-1	8	3	0.0052613	0.0725348192249764	0.0725348	-2.27891
842	7	8	2	0.0052611	0.0725334405636462	0.0725334	-2.27892
843	-1	8	3	0.0052611	0.0725334405636462	0.0725334	-2.27892
844	-1	8	3	0.0052608	0.0725313725225161	0.0725314	-2.27895
845	-1	8	2	0.0052606	0.0725299937956705	0.07253	-2.27896
846	7	8	2	0.0052605	0.0725293044224195	0.0725293	-2.27897
847	-1	8	3	0.0052603	0.0725279256562602	0.0725279	-2.27899
848	-1	8	2	0.0052602	0.0725272362633514	0.0725272	-2.279
849	6	8	3	0.0052602	0.0725272362633514	0.0725272	-2.279
850	-1	6	2	0.0052601	0.0725265468638898	0.0725265	-2.27901
851	-1	8	3	0.0052599	0.0725251680453069	0.0725252	-2.27902
852	8	6	2	0.0052597	0.0725237892005099	0.0725238	-2.27904
853	-1	8	2	0.0052595	0.0725224103294975	0.0725224	-2.27906
854	7	8	3	0.0052594	0.0725217208841599	0.0725217	-2.27906
855	5	6	2	0.0052593	0.072521031432268	0.072521	-2.27907
856	-1	8	3	0.0052592	0.0725203419738214	0.0725203	-2.27908
857	-1	8	3	0.0052591	0.07251965250882	0.0725197	-2.27909
858	-1	8	2	0.0052589	0.072518273559152	0.0725183	-2.27911
859	4	8	3	0.0052588	0.072517584074485	0.0725176	-2.27911
860	-1	8	3	0.0052587	0.0725168945832625	0.0725169	-2.27912
861	6	6	2	0.0052585	0.0725155155811499	0.0725155	-2.27914
862	-1	6	3	0.0052584	0.0725148260702596	0.0725148	-2.27915
863	-1	8	2	0.0052582	0.0725134470288098	0.0725134	-2.27916
864	2	8	3	0.0052579	0.0725113784174594	0.0725114	-2.27919
865	-1	8	2	0.0052578	0.0725106888672284	0.0725107	-2.2792
866	-1	8	2	0.0052577	0.0725099993104399	0.07251	-2.2792
867	-1	8	2	0.0052576	0.0725093097470939	0.0725093	-2.27921
868	-1	8	3	0.0052574	0.0725079306007281	0.0725079	-2.27923
869	-1	8	3	0.0052572	0.0725065514281296	0.0725066	-2.27925
870	-1	8	3	0.0052571	0.0725058618319926	0.0725059	-2.27925
871	-1	8	3	0.0052569	0.0725044826200422	0.0725045	-2.27927
872	-1	6	2	0.0052568	0.0725037930042284	0.0725038	-2.27928
873	6	8	3	0.0052567	0.0725031033818553	0.0725031	-2.27929
874	1	8	1	0.0052567	0.0725031033818553	0.0725031	-2.27929
875	1	4	1	0.0052566	0.0725024137529227	0.0725024	-2.2793
876	-1	8	3	0.0052564	0.0725010344753784	0.072501	-2.27931
877	-1	4	2	0.0052564	0.0725010344753784	0.072501	-2.27931
878	7	8	3	0.0052564	0.0725010344753784	0.072501	-2.27931
879	-1	8	3	0.0052563	0.0725003448267662	0.0725003	-2.27932
880	-1	8	2	0.0052561	0.0724989655098609	0.072499	-2.27934
881	-1	8	3	0.005256	0.0724982758415674	0.0724983	-2.27934
882	7	8	2	0.0052557	0.0724962067973215	0.0724962	-2.27937
883	4	8	3	0.0052555	0.0724948274016843	0.0724948	-2.27939
884	-1	8	3	0.0052553	0.0724934479798002	0.0724934	-2.2794
885	-1	8	2	0.0052552	0.0724927582590151	0.0724928	-2.27941
886	-1	8	3	0.0052549	0.0724906890572851	0.0724907	-2.27944
887	-1	8	2	0.0052545	0.0724879300297643	0.0724879	-2.27947
888	5	8	2	0.0052543	0.0724865504766229	0.0724866	-2.27949
889	-1	8	2	0.0052541	0.0724851708972256	0.0724852	-2.2795
890	-1	8	3	0.0052539	0.0724837912915708	0.0724838	-2.27952
891	1	2	1	0.0052538	0.0724831014788964	0.0724831	-2.27953
892	5	8	2	0.0052537	0.0724824116596571	0.0724824	-2.27953
893	-1	6	2	0.0052536	0.0724817218338527	0.0724817	-2.27954
894	-1	8	2	0.0052534	0.0724803421625478	0.0724803	-2.27956
895	-1	8	2	0.0052531	0.0724782726063473	0.0724783	-2.27958
896	-1	8	2	0.005253	0.0724775827411483	0.0724776	-2.27959
897	-1	6	2	0.0052525	0.0724741333166531	0.0724741	-2.27963
898	-1	8	2	0.0052524	0.0724734434120527	0.0724734	-2.27964
899	7	8	2	0.0052519	0.0724699937905337	0.07247	-2.27968
900	-1	6	3	0.0052514	0.0724665440048027	0.0724665	-2.27972
901	-1	6	2	0.005251	0.0724637840579693	0.0724638	-2.27976
902	4	8	3	0.005251	0.0724637840579693	0.0724638	-2.27976
903	7	8	2	0.0052509	0.0724630940548359	0.0724631	-2.27977
904	-1	8	3	0.0052503	0.0724589538980518	0.072459	-2.27982
905	6	8	2	0.0052502	0.072458263848922	0.0724583	-2.27982
906	-1	8	2	0.0052502	0.072458263848922	0.0724583	-2.27982
907	-1	6	2	0.0052501	0.0724575737932205	0.0724576	-2.27983
908	-1	6	2	0.0052498	0.0724555035866842	0.0724555	-2.27986
909	3	6	3	0.0052495	0.0724534333209959	0.0724534	-2.27988
910	-1	8	3	0.0052491	0.0724506728747221	0.0724507	-2.27992
911	-1	6	2	0.005249	0.0724499827467198	0.07245	-2.27992
912	6	6	2	0.0052488	0.0724486024709932	0.0724486	-2.27994
913	-1	6	2	0.0052486	0.0724472221689693	0.0724472	-2.27996
914	-1	8	3	0.0052484	0.0724458418406467	0.0724458	-2.27997
915	8	4	2	0.0052484	0.0724458418406467	0.0724458	-2.27997
916	7	8	2	0.005248	0.0724430811050993	0.0724431	-2.28001
917	3	6	2	0.0052479	0.0724423909047734	0.0724424	-2.28001
918	5	8	2	0.0052472	0.0724375593183536	0.0724376	-2.28007
919	-1	8	2	0.0052471	0.0724368690654145	0.0724369	-2.28008
920	-1	8	3	0.005247	0.0724361788058978	0.0724362	-2.28009
921	-1	8	3	0.0052467	0.072434107987881	0.0724341	-2.28011
922	-1	8	3	0.0052466	0.0724334177020524	0.0724334	-2.28012
923	-1	8	3	0.0052461	0.0724299661742293	0.07243	-2.28016
924	1	6	1	0.0052458	0.0724278951785843	0.0724279	-2.28019
925	-1	6	2	0.0052449	0.072421681836312	0.0724217	-2.28026
926	-1	8	3	0.0052446	0.0724196106037584	0.0724196	-2.28029
927	-1	8	3	0.0052444	0.0724182297491453	0.0724182	-2.2803
928	-1	6	3	0.0052444	0.0724182297491453	0.0724182	-2.2803
929	8	6	2	0.0052442	0.0724168488682019	0.0724168	-2.28032
930	4	8	3	0.0052442	0.0724168488682019	0.0724168	-2.28032
931	-1	6	2	0.0052441	0.0724161584178559	0.0724162	-2.28033
932	-1	8	3	0.005244	0.0724154679609267	0.0724155	-2.28034
933	1	6	1	0.0052433	0.0724106345780784	0.0724106	-2.2804
934	1	6	1	0.005243	0.0724085630295202	0.0724086	-2.28042
935	-1	8	2	0.0052423	0.0724037291857263	0.0724037	-2.28048
936	-1	8	3	0.0052397	0.0723857720826407	0.0723858	-2.28069
937	-1	6	2	0.0052386	0.0723781735055535	0.0723782	-2.28078
938	-1	8	3	0.0052383	0.0723761010278946	0.0723761	-2.28081
939	-1	8	3	0.0052349	0.072352608798854	0.0723526	-2.28109
940	-1	8	2	0.0052348	0.0723519177354685	0.0723519	-2.2811
941	-1	6	2	0.0052308	0.07232426978546	0.0723243	-2.28143
942	-1	8	2	0.0052295	0.0723152819257451	0.0723153	-2.28154
943	-1	8	3	0.0052229	0.0722696340104196	0.0722696	-2.28209
944	-1	8	3	0.0052122	0.0721955677309902	0.0721956	-2.28298
