ID	cluster	dist_rf	dist_spr	PP	sqrt(PP)	sqrt_size	log_size	uniq_id
0	1	0	0	0.00764682	0.087446097683087	0.0874461	-2.11652	861
1	1	2	1	0.007634	0.0873727646352111	0.0873728	-2.11725	798
2	1	4	1	0.00763392	0.0873723068254467	0.0873723	-2.11725	420
3	1	2	1	0.00763232	0.0873631501263548	0.0873632	-2.11734	546
4	2	8	3	0.00763032	0.087351702902691	0.0873517	-2.11746	360
5	2	8	3	0.00763018	0.0873509015408542	0.0873509	-2.11747	364
6	2	6	3	0.00762286	0.0873089915186288	0.087309	-2.11788	351
7	3	4	2	0.00762122	0.0872995990826991	0.0872996	-2.11798	544
8	1	4	1	0.00761968	0.0872907784362128	0.0872908	-2.11806	483
9	2	8	3	0.00761904	0.087287112450808	0.0872871	-2.1181	315
10	4	4	2	0.00761732	0.0872772593520214	0.0872773	-2.1182	105
11	5	6	2	0.00761676	0.0872740511263228	0.0872741	-2.11823	608
12	3	4	2	0.00761626	0.0872711865394301	0.0872712	-2.11826	229
13	6	8	3	0.00761602	0.0872698115043226	0.0872698	-2.11827	681
14	7	8	4	0.00761488	0.0872632797916741	0.0872633	-2.11834	6
15	1	4	1	0.00761262	0.0872503295122718	0.0872503	-2.11847	735
16	7	6	3	0.0076115	0.087243910962313	0.0872439	-2.11853	40
17	5	6	3	0.00761096	0.0872408161355681	0.0872408	-2.11856	356
18	1	2	1	0.0076077	0.0872221302193428	0.0872221	-2.11875	860
19	3	6	2	0.00760598	0.0872122697789709	0.0872123	-2.11884	481
20	7	8	3	0.0076057	0.087210664485486	0.0872107	-2.11886	7
21	3	4	2	0.00760554	0.0872097471616562	0.0872097	-2.11887	796
22	5	6	2	0.00760488	0.0872059630988615	0.087206	-2.11891	734
23	3	6	2	0.00760346	0.0871978210736943	0.0871978	-2.11899	418
24	8	4	2	0.00760256	0.0871926602415593	0.0871927	-2.11904	797
25	6	6	2	0.00760182	0.0871884166618479	0.0871884	-2.11908	666
26	2	8	4	0.00759992	0.0871775200381383	0.0871775	-2.11919	321
27	1	4	1	0.00759988	0.0871772906208951	0.0871773	-2.11919	168
28	7	8	3	0.00759796	0.0871662778831355	0.0871663	-2.1193	4
29	8	4	2	0.00759646	0.0871576732135502	0.0871577	-2.11939	923
30	2	8	4	0.00759482	0.0871482644692366	0.0871483	-2.11948	366
31	6	8	2	0.00759428	0.0871451662457534	0.0871452	-2.11951	630
32	-1	6	2	0.00759418	0.0871445924885761	0.0871446	-2.11952	166
33	3	6	3	0.007594	0.0871435597161374	0.0871436	-2.11953	103
34	8	6	2	0.00759338	0.0871400022951572	0.08714	-2.11956	167
35	2	8	3	0.00759144	0.0871288700718654	0.0871289	-2.11968	365
36	1	4	1	0.00759136	0.0871284109805751	0.0871284	-2.11968	672
37	6	8	2	0.0075899	0.0871200321395717	0.08712	-2.11976	635
38	1	2	1	0.00758964	0.0871185399326688	0.0871185	-2.11978	859
39	4	6	3	0.007589	0.0871148666990887	0.0871149	-2.11982	104
40	1	2	1	0.00758768	0.0871072901656342	0.0871073	-2.11989	231
41	3	6	2	0.00758748	0.0871061421485305	0.0871061	-2.1199	607
42	-1	8	2	0.00758686	0.0871025831993518	0.0871026	-2.11994	634
43	-1	8	3	0.00758604	0.0870978759786942	0.0870979	-2.11998	50
44	2	8	3	0.00758528	0.0870935129616437	0.0870935	-2.12003	320
45	2	8	3	0.00758508	0.0870923647629343	0.0870924	-2.12004	45
46	2	8	2	0.00758504	0.0870921351213759	0.0870921	-2.12004	675
47	2	6	3	0.00758442	0.0870885755997881	0.0870886	-2.12008	358
48	2	4	2	0.007584	0.087086164228309	0.0870862	-2.1201	357
49	1	4	1	0.00758334	0.0870823747953626	0.0870824	-2.12014	609
50	1	2	1	0.007582	0.0870746805908583	0.0870747	-2.12022	924
51	7	6	3	0.00758116	0.0870698570114825	0.0870699	-2.12026	43
52	5	4	2	0.00758046	0.0870658371578658	0.0870658	-2.1203	230
53	6	8	3	0.00758024	0.0870645737369684	0.0870646	-2.12032	637
54	3	6	2	0.00757994	0.0870628508607431	0.0870629	-2.12033	733
55	-1	8	4	0.0075799	0.0870626211413371	0.0870626	-2.12034	322
56	-1	6	2	0.00757828	0.0870533169959652	0.0870533	-2.12043	670
57	8	6	3	0.00757816	0.087052627760453	0.0870526	-2.12044	293
58	7	8	3	0.00757762	0.0870495261331157	0.0870495	-2.12047	52
59	2	8	4	0.00757602	0.0870403354772947	0.0870403	-2.12056	367
60	7	8	3	0.00757574	0.0870387270127499	0.0870387	-2.12057	5
61	4	4	2	0.00757448	0.0870314885544307	0.0870315	-2.12065	294
62	6	6	2	0.00757428	0.087030339537428	0.0870303	-2.12066	673
63	7	8	3	0.0075741	0.0870293054091551	0.0870293	-2.12067	636
64	-1	8	3	0.0075736	0.087026432766143	0.0870264	-2.1207	319
65	3	4	2	0.00757336	0.0870250538638156	0.0870251	-2.12071	922
66	7	6	3	0.00757232	0.0870190783679073	0.0870191	-2.12077	36
67	6	8	3	0.00757022	0.0870070112117409	0.087007	-2.12089	682
68	5	6	2	0.00756848	0.0869970114429226	0.086997	-2.12099	671
69	5	6	2	0.00756716	0.0869894246446084	0.0869894	-2.12107	419
70	6	8	2	0.00756686	0.0869877002799821	0.0869877	-2.12108	680
71	3	4	2	0.00756344	0.0869680401066967	0.086968	-2.12128	545
72	5	6	3	0.0075622	0.0869609107588001	0.0869609	-2.12135	41
73	4	4	2	0.00756092	0.0869535508188136	0.0869536	-2.12143	42
74	3	6	3	0.00755854	0.0869398642741062	0.0869399	-2.12156	355
75	7	8	3	0.0075551	0.0869200782328226	0.0869201	-2.12176	0
76	6	8	2	0.00755054	0.0868938432801772	0.0868938	-2.12202	679
77	5	6	2	0.00754772	0.0868776150685549	0.0868776	-2.12218	482
78	7	8	3	0.00754216	0.0868456101366097	0.0868456	-2.1225	49
79	-1	6	3	0.00754156	0.0868421556618674	0.0868422	-2.12254	292
80	6	8	4	0.00752778	0.0867627800384474	0.0867628	-2.12333	51
81	3	8	2	0.00069152	0.0262967678622298	0.0262968	-3.1602	598
82	2	8	3	0.00068618	0.0261950376980069	0.026195	-3.16356	309
83	7	8	3	0.00068556	0.026183200721073	0.0261832	-3.16395	251
84	2	8	3	0.0006844	0.0261610397346894	0.026161	-3.16469	504
85	7	8	3	0.00068398	0.0261530112988925	0.026153	-3.16496	9
86	-1	8	3	0.0006829	0.0261323554238802	0.0261324	-3.16564	285
87	2	8	3	0.00068246	0.0261239353850066	0.0261239	-3.16592	306
88	-1	8	3	0.00068212	0.0261174271320894	0.0261174	-3.16614	265
89	-1	8	3	0.0006817	0.026109385285755	0.0261094	-3.16641	126
90	6	8	3	0.00068162	0.0261078532246525	0.0261079	-3.16646	677
91	5	6	2	0.00068158	0.0261070871603862	0.0261071	-3.16648	534
92	-1	8	3	0.00068146	0.0261047888327027	0.0261048	-3.16656	349
93	-1	8	3	0.0006806	0.0260883115590105	0.0260883	-3.16711	503
94	3	6	2	0.00068058	0.0260879282427716	0.0260879	-3.16712	540
95	-1	8	3	0.00068036	0.0260837113923613	0.0260837	-3.16726	640
96	-1	8	3	0.0006801	0.0260787269627948	0.0260787	-3.16743	509
97	-1	6	2	0.00068004	0.0260775765745209	0.0260776	-3.16747	162
98	-1	8	3	0.00068	0.0260768096208106	0.0260768	-3.16749	486
99	4	6	3	0.00067994	0.0260756591479487	0.0260757	-3.16753	99
100	1	8	1	0.0006798	0.0260729745138525	0.026073	-3.16762	430
101	1	8	1	0.00067978	0.0260725909721301	0.0260726	-3.16763	394
102	7	8	3	0.00067926	0.0260626169062126	0.0260626	-3.16796	593
103	5	8	3	0.0006791	0.0260595471948382	0.0260595	-3.16807	618
104	4	6	2	0.000679	0.0260576284415908	0.0260576	-3.16813	107
105	-1	6	2	0.00067892	0.0260560933372599	0.0260561	-3.16818	38
106	1	6	1	0.00067878	0.0260534066870342	0.0260534	-3.16827	808
107	-1	8	2	0.00067874	0.0260526390217959	0.0260526	-3.1683	633
108	-1	8	2	0.00067872	0.026052255180694	0.0260523	-3.16831	158
109	2	8	3	0.00067868	0.026051487481524	0.0260515	-3.16833	361
110	-1	8	2	0.00067866	0.0260511036234552	0.0260511	-3.16835	130
111	6	8	3	0.00067864	0.0260507197597302	0.0260507	-3.16836	376
112	7	8	3	0.00067852	0.0260484164585873	0.0260484	-3.16844	197
113	7	8	4	0.00067828	0.026043809245193	0.0260438	-3.16859	69
114	-1	8	2	0.0006782	0.026042273326267	0.0260423	-3.16864	661
115	6	8	2	0.0006782	0.026042273326267	0.0260423	-3.16864	664
116	-1	8	3	0.00067806	0.0260395852501533	0.0260396	-3.16873	287
117	-1	8	2	0.00067798	0.0260380490820645	0.026038	-3.16878	202
118	2	8	3	0.00067796	0.0260376650258813	0.0260377	-3.1688	243
119	4	8	2	0.0006779	0.026036512823341	0.0260365	-3.16883	178
120	1	4	1	0.00067786	0.0260357446599862	0.0260357	-3.16886	853
121	8	8	2	0.00067784	0.0260353605698097	0.0260354	-3.16887	769
122	3	8	2	0.00067766	0.0260319035032016	0.0260319	-3.16899	508
123	-1	8	3	0.00067764	0.0260315193563495	0.0260315	-3.169	748
124	-1	6	2	0.00067764	0.0260315193563495	0.0260315	-3.169	878
125	3	8	2	0.00067734	0.0260257564731556	0.0260258	-3.16919	472
126	4	8	3	0.0006773	0.0260249879923123	0.026025	-3.16922	67
127	2	8	2	0.00067728	0.026024603743381	0.0260246	-3.16923	620
128	-1	6	2	0.00067724	0.0260238352284977	0.0260238	-3.16926	170
129	2	8	3	0.00067722	0.0260234509625453	0.0260235	-3.16927	614
130	7	6	3	0.00067718	0.0260226824136175	0.0260227	-3.1693	240
131	1	4	1	0.00067718	0.0260226824136175	0.0260227	-3.1693	857
132	2	8	3	0.00067718	0.0260226824136175	0.0260227	-3.1693	495
133	4	8	3	0.00067706	0.0260203766306332	0.0260204	-3.16937	85
134	1	6	1	0.00067706	0.0260203766306332	0.0260204	-3.16937	841
135	8	6	2	0.00067704	0.0260199923136038	0.02602	-3.16939	792
136	-1	8	2	0.00067704	0.0260199923136038	0.02602	-3.16939	527
137	1	8	1	0.00067702	0.0260196079908979	0.0260196	-3.1694	832
138	8	4	2	0.00067696	0.0260184549887191	0.0260185	-3.16944	852
139	-1	8	3	0.00067684	0.0260161488310626	0.0260161	-3.16951	587
140	-1	8	3	0.00067662	0.0260119203443344	0.0260119	-3.16966	339
141	3	6	2	0.00067658	0.0260111514547126	0.0260112	-3.16968	803
142	7	8	3	0.00067654	0.0260103825423618	0.0260104	-3.16971	627
143	2	8	3	0.0006765	0.0260096136072799	0.0260096	-3.16973	927
144	-1	8	3	0.00067644	0.0260084601620319	0.0260085	-3.16977	591
145	6	8	2	0.0006764	0.0260076911701135	0.0260077	-3.1698	678
146	-1	8	3	0.00067636	0.026006922155457	0.0260069	-3.16982	131
147	-1	8	4	0.00067624	0.0260046149750386	0.0260046	-3.1699	46
148	-1	8	2	0.00067622	0.0260042304250674	0.0260042	-3.16991	455
149	-1	6	2	0.0006762	0.0260038458694094	0.0260038	-3.16992	943
150	2	8	3	0.00067608	0.0260015384160245	0.0260015	-3.17	342
151	6	8	3	0.00067608	0.0260015384160245	0.0260015	-3.17	754
152	4	8	3	0.000676	0.026	0.026	-3.17005	266
153	2	8	3	0.00067592	0.0259984614929422	0.0259985	-3.1701	363
154	-1	8	2	0.0006758	0.0259961535616329	0.0259962	-3.17018	139
155	-1	8	3	0.00067566	0.0259934607161109	0.0259935	-3.17027	383
156	-1	6	2	0.00067562	0.025992691280435	0.0259927	-3.1703	731
157	-1	8	2	0.0006756	0.0259923065540556	0.0259923	-3.17031	23
158	-1	6	2	0.00067554	0.0259911523407486	0.0259912	-3.17035	227
159	5	6	2	0.00067548	0.0259899980761831	0.02599	-3.17039	606
160	4	8	2	0.00067544	0.0259892285379924	0.0259892	-3.17041	115
161	1	6	1	0.00067542	0.0259888437603522	0.0259888	-3.17043	877
162	3	6	2	0.00067542	0.0259888437603522	0.0259888	-3.17043	552
163	-1	8	3	0.00067536	0.0259876893932493	0.0259877	-3.17046	114
164	6	8	2	0.00067536	0.0259876893932493	0.0259877	-3.17046	819
165	2	8	2	0.00067524	0.0259853805051995	0.0259854	-3.17054	466
166	1	6	1	0.0006752	0.0259846108302587	0.0259846	-3.17057	732
167	-1	8	3	0.00067518	0.025984225984239	0.0259842	-3.17058	621
168	3	6	2	0.00067516	0.0259838411325193	0.0259838	-3.17059	541
169	-1	6	2	0.000675	0.0259807621135332	0.0259808	-3.1707	414
170	-1	8	3	0.00067496	0.0259799923017695	0.02598	-3.17072	891
171	2	8	3	0.00067492	0.0259792224671948	0.0259792	-3.17075	324
172	4	8	3	0.0006749	0.0259788375413528	0.0259788	-3.17076	203
173	8	8	2	0.00067482	0.0259772977809471	0.0259773	-3.17081	770
174	2	8	3	0.00067476	0.0259761429007464	0.0259761	-3.17085	585
175	1	4	1	0.00067472	0.0259753729520867	0.0259754	-3.17088	863
176	-1	8	3	0.00067464	0.025973832986296	0.0259738	-3.17093	449
177	1	4	1	0.00067462	0.025973447980582	0.0259734	-3.17094	921
178	-1	8	3	0.00067462	0.025973447980582	0.0259734	-3.17094	739
179	6	8	3	0.00067458	0.0259726779520326	0.0259727	-3.17097	756
180	-1	8	3	0.0006745	0.0259711378264411	0.0259711	-3.17102	448
181	4	8	3	0.00067436	0.0259684423868664	0.0259684	-3.17111	121
182	6	8	3	0.0006743	0.0259672871128272	0.0259673	-3.17115	647
183	-1	8	3	0.00067424	0.025966131787388	0.0259661	-3.17119	250
184	-1	8	3	0.00067422	0.0259657466674848	0.0259657	-3.1712	494
185	-1	8	3	0.0006741	0.0259634358281026	0.0259634	-3.17128	13
186	8	6	2	0.00067408	0.0259630506682092	0.0259631	-3.17129	793
187	4	6	3	0.00067406	0.025962665502602	0.0259627	-3.1713	37
188	8	4	2	0.00067406	0.025962665502602	0.0259627	-3.1713	849
189	3	8	3	0.00067398	0.025961124783029	0.0259611	-3.17135	346
190	6	8	3	0.00067396	0.0259607395888484	0.0259607	-3.17137	249
191	-1	8	2	0.00067384	0.0259584283037321	0.0259584	-3.17144	275
192	-1	6	2	0.00067382	0.0259580430695382	0.025958	-3.17146	223
193	6	8	3	0.00067378	0.0259572725839985	0.0259573	-3.17148	312
194	-1	8	3	0.00067364	0.025954575704488	0.0259546	-3.17157	192
195	6	8	3	0.00067362	0.0259541904131106	0.0259542	-3.17159	691
196	-1	8	3	0.00067358	0.0259534198131961	0.0259534	-3.17161	316
197	-1	6	2	0.00067356	0.0259530345046586	0.025953	-3.17162	165
198	-1	8	2	0.00067352	0.0259522638704218	0.0259523	-3.17165	493
199	-1	8	3	0.00067348	0.0259514932133008	0.0259515	-3.17168	61
200	-1	8	3	0.00067346	0.0259511078761582	0.0259511	-3.17169	318
201	5	8	2	0.00067336	0.0259491811046129	0.0259492	-3.17175	580
202	2	8	3	0.00067326	0.0259472541899909	0.0259473	-3.17182	378
203	-1	8	4	0.00067316	0.0259453271322603	0.0259453	-3.17188	16
204	-1	8	2	0.00067314	0.0259449417035383	0.0259449	-3.17189	436
205	3	8	2	0.00067314	0.0259449417035383	0.0259449	-3.17189	517
206	8	8	3	0.00067312	0.0259445562690904	0.0259446	-3.17191	73
207	2	6	2	0.00067312	0.0259445562690904	0.0259446	-3.17191	935
208	1	6	1	0.0006731	0.0259441708289165	0.0259442	-3.17192	856
209	3	6	2	0.0006731	0.0259441708289165	0.0259442	-3.17192	807
210	5	8	2	0.00067308	0.0259437853830161	0.0259438	-3.17193	563
211	8	6	2	0.00067304	0.0259430144740352	0.025943	-3.17196	780
212	-1	8	3	0.00067302	0.0259426290109542	0.0259426	-3.17197	375
213	-1	8	3	0.000673	0.0259422435421457	0.0259422	-3.17198	313
214	8	8	2	0.000673	0.0259422435421457	0.0259422	-3.17198	716
215	3	6	3	0.00067296	0.0259414725873455	0.0259415	-3.17201	555
216	-1	4	2	0.00067294	0.0259410871013533	0.0259411	-3.17202	870
217	6	8	3	0.0006729	0.0259403161121834	0.0259403	-3.17205	708
218	6	6	3	0.00067286	0.0259395451000977	0.0259395	-3.17208	933
219	7	8	3	0.00067286	0.0259395451000977	0.0259395	-3.17208	575
220	-1	6	2	0.00067284	0.0259391595854607	0.0259392	-3.17209	290
221	4	6	2	0.0006728	0.0259383885389976	0.0259384	-3.17211	102
222	-1	8	2	0.0006728	0.0259383885389976	0.0259384	-3.17211	628
223	4	8	3	0.00067278	0.0259380030071708	0.025938	-3.17213	14
224	-1	6	2	0.00067262	0.025934918546238	0.0259349	-3.17223	668
225	-1	8	3	0.0006726	0.0259345329628278	0.0259345	-3.17224	889
226	6	8	3	0.00067254	0.0259333761781994	0.0259334	-3.17228	60
227	-1	8	3	0.0006725	0.0259326049597799	0.0259326	-3.17231	510
228	4	6	2	0.00067246	0.0259318337184242	0.0259318	-3.17233	101
229	2	8	3	0.00067242	0.0259310624541302	0.0259311	-3.17236	612
230	-1	8	3	0.00067238	0.0259302911668959	0.0259303	-3.17239	246
231	4	6	2	0.00067236	0.0259299055146755	0.0259299	-3.1724	226
232	-1	8	2	0.00067236	0.0259299055146755	0.0259299	-3.1724	518
233	5	8	2	0.00067234	0.0259295198567193	0.0259295	-3.17241	581
234	-1	6	2	0.00067226	0.0259279771675308	0.025928	-3.17246	478
235	-1	8	3	0.00067218	0.0259264343865484	0.0259264	-3.17251	234
236	-1	6	2	0.00067212	0.025925277240562	0.0259253	-3.17255	913
237	-1	6	2	0.00067208	0.0259245057812102	0.0259245	-3.17258	219
238	1	8	1	0.00067208	0.0259245057812102	0.0259245	-3.17258	662
239	-1	8	3	0.00067202	0.0259233485491362	0.0259233	-3.17262	701
240	-1	8	2	0.00067198	0.0259225770323863	0.0259226	-3.17264	824
241	-1	8	3	0.00067194	0.0259218054926735	0.0259218	-3.17267	305
242	-1	8	3	0.00067174	0.0259179474495956	0.0259179	-3.1728	22
243	-1	8	3	0.00067172	0.0259175616137012	0.0259176	-3.17281	443
244	-1	8	2	0.00067168	0.0259167899246801	0.0259168	-3.17284	95
245	8	8	3	0.00067162	0.0259156323480636	0.0259156	-3.17288	78
246	8	6	2	0.0006716	0.0259152464777011	0.0259152	-3.17289	815
247	4	8	3	0.00067152	0.0259137029387928	0.0259137	-3.17294	94
248	-1	6	2	0.00067144	0.0259121593079388	0.0259122	-3.17299	416
249	-1	8	3	0.0006714	0.025911387458027	0.0259114	-3.17302	122
250	-1	8	3	0.0006714	0.025911387458027	0.0259114	-3.17302	297
251	-1	8	3	0.00067138	0.025911001524449	0.025911	-3.17303	574
252	6	8	3	0.0006713	0.0259094577326504	0.0259095	-3.17308	655
253	8	8	2	0.00067128	0.0259090717703279	0.0259091	-3.1731	761
254	3	8	2	0.00067126	0.0259086858022556	0.0259087	-3.17311	409
255	-1	8	3	0.00067122	0.0259079138488609	0.0259079	-3.17314	300
256	2	8	2	0.00067118	0.0259071418724644	0.0259071	-3.17316	314
257	-1	6	2	0.00067116	0.0259067558756399	0.0259068	-3.17317	417
258	7	8	3	0.00067114	0.025906369873064	0.0259064	-3.17319	899
259	2	8	3	0.0006711	0.0259055978506577	0.0259056	-3.17321	747
260	-1	8	3	0.00067098	0.0259032816453823	0.0259033	-3.17329	501
261	-1	8	2	0.0006709	0.0259017373934646	0.0259017	-3.17334	715
262	-1	8	3	0.00067088	0.0259013513160993	0.0259014	-3.17336	497
263	7	8	3	0.0006708	0.0258998069490875	0.0258998	-3.17341	569
264	3	8	2	0.0006708	0.0258998069490875	0.0258998	-3.17341	599
265	-1	8	3	0.00067072	0.0258982624899818	0.0258983	-3.17346	710
266	-1	8	3	0.00067056	0.0258951732954232	0.0258952	-3.17356	592
267	2	8	3	0.0006705	0.0258940147524481	0.025894	-3.1736	459
268	-1	8	3	0.00067048	0.0258936285599373	0.0258936	-3.17361	47
269	-1	8	3	0.00067046	0.0258932423616665	0.0258932	-3.17363	700
270	-1	8	3	0.00067046	0.0258932423616665	0.0258932	-3.17363	492
271	-1	8	3	0.00067038	0.0258916975109783	0.0258917	-3.17368	623
272	-1	8	2	0.00067038	0.0258916975109783	0.0258917	-3.17368	454
273	2	8	3	0.00067038	0.0258916975109783	0.0258917	-3.17368	467
274	7	8	3	0.00067036	0.0258913112839037	0.0258913	-3.17369	303
275	8	4	2	0.00067032	0.0258905388124697	0.0258905	-3.17372	800
276	-1	6	2	0.0006703	0.0258901525681098	0.0258902	-3.17373	904
277	-1	8	2	0.00067022	0.0258886075330443	0.0258886	-3.17378	400
278	7	8	3	0.0006702	0.0258882212598703	0.0258882	-3.1738	132
279	1	6	1	0.0006702	0.0258882212598703	0.0258882	-3.1738	855
280	6	8	3	0.00067018	0.0258878349809326	0.0258878	-3.17381	645
281	1	6	1	0.00067014	0.0258870624057655	0.0258871	-3.17383	788
282	-1	8	3	0.00067014	0.0258870624057655	0.0258871	-3.17383	648
283	-1	6	3	0.00067014	0.0258870624057655	0.0258871	-3.17383	934
284	-1	8	2	0.00067012	0.0258866761095356	0.0258867	-3.17385	329
285	5	8	3	0.00067012	0.0258866761095356	0.0258867	-3.17385	461
286	-1	6	3	0.00066994	0.0258831991840267	0.0258832	-3.17396	944
287	7	8	3	0.00066992	0.0258828128301388	0.0258828	-3.17398	18
288	-1	8	3	0.00066992	0.0258828128301388	0.0258828	-3.17398	146
289	8	6	2	0.0006699	0.0258824264704838	0.0258824	-3.17399	905
290	7	8	3	0.00066976	0.0258797217913949	0.0258797	-3.17408	883
291	-1	6	2	0.00066976	0.0258797217913949	0.0258797	-3.17408	237
292	7	8	3	0.00066976	0.0258797217913949	0.0258797	-3.17408	890
293	2	8	3	0.0006696	0.0258766303834174	0.0258766	-3.17418	928
294	8	6	2	0.0006696	0.0258766303834174	0.0258766	-3.17418	814
295	3	8	2	0.00066956	0.0258758574737148	0.0258759	-3.17421	473
296	3	6	2	0.00066948	0.0258743115850451	0.0258743	-3.17426	542
297	-1	8	3	0.00066948	0.0258743115850451	0.0258743	-3.17426	35
298	6	8	3	0.0006694	0.0258727656040092	0.0258728	-3.17431	897
299	-1	8	3	0.0006694	0.0258727656040092	0.0258728	-3.17431	274
300	-1	8	3	0.00066938	0.025872379094316	0.0258724	-3.17433	632
301	1	4	1	0.00066934	0.0258716060576069	0.0258716	-3.17435	871
302	3	6	2	0.00066934	0.0258716060576069	0.0258716	-3.17435	548
303	-1	8	3	0.0006693	0.0258708329977989	0.0258708	-3.17438	33
304	7	8	4	0.00066924	0.0258696733647721	0.0258697	-3.17442	1
305	-1	8	2	0.00066922	0.0258692868088782	0.0258693	-3.17443	157
306	-1	8	3	0.00066922	0.0258692868088782	0.0258693	-3.17443	892
307	-1	8	3	0.00066918	0.0258685136797613	0.0258685	-3.17446	109
308	-1	8	3	0.00066914	0.0258677405275374	0.0258677	-3.17448	488
309	7	8	3	0.00066914	0.0258677405275374	0.0258677	-3.17448	255
310	-1	8	3	0.0006691	0.0258669673522042	0.025867	-3.17451	63
311	8	8	2	0.00066908	0.0258665807558711	0.0258666	-3.17452	653
312	-1	8	3	0.00066908	0.0258665807558711	0.0258666	-3.17452	173
313	-1	8	3	0.00066904	0.0258658075458703	0.0258658	-3.17455	224
314	5	6	3	0.00066904	0.0258658075458703	0.0258658	-3.17455	537
315	1	4	1	0.00066904	0.0258658075458703	0.0258658	-3.17455	795
316	-1	8	3	0.00066902	0.0258654209322021	0.0258654	-3.17456	738
317	5	8	2	0.00066896	0.0258642610565235	0.0258643	-3.1746	388
318	-1	8	3	0.00066894	0.0258638744197384	0.0258639	-3.17461	702
319	-1	8	2	0.0006689	0.0258631011288283	0.0258631	-3.17464	211
320	-1	8	2	0.00066888	0.0258627144747028	0.0258627	-3.17465	825
321	-1	8	3	0.00066882	0.0258615544776411	0.0258616	-3.17469	216
322	-1	8	3	0.00066878	0.0258607811173599	0.0258608	-3.17472	703
323	-1	8	3	0.0006687	0.0258592343274119	0.0258592	-3.17477	746
324	-1	6	2	0.00066864	0.0258580741742304	0.0258581	-3.17481	241
325	8	6	2	0.00066854	0.0258561404699155	0.0258561	-3.17487	842
326	-1	6	2	0.00066834	0.0258522726273726	0.0258523	-3.175	354
327	-1	8	3	0.00066834	0.0258522726273726	0.0258523	-3.175	279
328	-1	8	3	0.00066818	0.0258491779366385	0.0258492	-3.17511	328
329	6	8	3	0.00066814	0.0258484042060627	0.0258484	-3.17513	502
330	-1	8	2	0.00066798	0.0258453090521278	0.0258453	-3.17524	724
331	-1	8	2	0.00066796	0.0258449221318231	0.0258449	-3.17525	652
332	-1	8	3	0.00066794	0.0258445352057258	0.0258445	-3.17526	282
333	-1	6	2	0.00066788	0.0258433743926756	0.0258434	-3.1753	422
334	4	6	2	0.0006678	0.0258418265608296	0.0258418	-3.17535	556
335	-1	6	2	0.00066778	0.0258414395883821	0.0258414	-3.17537	480
336	-1	8	3	0.00066776	0.0258410526101395	0.0258411	-3.17538	335
337	-1	8	3	0.00066776	0.0258410526101395	0.0258411	-3.17538	937
338	-1	8	3	0.00066768	0.0258395046392147	0.0258395	-3.17543	694
339	1	6	1	0.00066766	0.0258391176319936	0.0258391	-3.17544	669
340	3	8	2	0.00066764	0.0258387306189759	0.0258387	-3.17546	429
341	1	6	1	0.00066756	0.0258371825089347	0.0258372	-3.17551	914
342	-1	8	3	0.0006675	0.0258360213655276	0.025836	-3.17555	753
343	-1	8	3	0.00066742	0.0258344730931366	0.0258345	-3.1756	25
344	6	8	3	0.00066736	0.025833311827948	0.0258333	-3.17564	57
345	8	8	2	0.00066736	0.025833311827948	0.0258333	-3.17564	760
346	-1	6	2	0.00066728	0.0258317633931561	0.0258318	-3.17569	352
347	8	6	2	0.00066728	0.0258317633931561	0.0258318	-3.17569	787
348	5	8	2	0.00066722	0.0258306020061477	0.0258306	-3.17573	437
349	1	8	1	0.00066712	0.0258286662450851	0.0258287	-3.1758	725
350	-1	8	3	0.00066698	0.025825955935841	0.025826	-3.17589	150
351	3	8	2	0.0006669	0.0258244070599888	0.0258244	-3.17594	562
352	-1	8	3	0.00066686	0.0258236325872252	0.0258236	-3.17597	341
353	-1	8	2	0.00066682	0.0258228580912338	0.0258229	-3.17599	304
354	-1	8	3	0.00066672	0.02582092174962	0.0258209	-3.17606	331
355	-1	8	3	0.00066668	0.0258201471723149	0.0258201	-3.17608	690
356	-1	8	3	0.00066656	0.0258178233009679	0.0258178	-3.17616	68
357	3	8	2	0.0006665	0.0258166612868512	0.0258167	-3.1762	347
358	5	6	2	0.00066636	0.0258139497171587	0.0258139	-3.17629	604
359	-1	8	2	0.00066628	0.0258124001208721	0.0258124	-3.17634	709
360	-1	8	2	0.00066628	0.0258124001208721	0.0258124	-3.17634	86
361	-1	8	2	0.00066622	0.0258112378626055	0.0258112	-3.17638	657
362	-1	8	2	0.00066612	0.0258093006491846	0.0258093	-3.17645	382
363	7	8	3	0.00066604	0.0258077507737501	0.0258078	-3.1765	196
364	5	8	2	0.00066602	0.025807363290348	0.0258074	-3.17651	393
365	8	6	2	0.000666	0.0258069758011279	0.025807	-3.17653	776
366	4	8	3	0.00066596	0.0258062008052328	0.0258062	-3.17655	140
367	-1	8	3	0.00066592	0.0258054257860629	0.0258054	-3.17658	629
368	1	6	1	0.00066592	0.0258054257860629	0.0258054	-3.17658	781
369	1	8	1	0.00066586	0.025804263213663	0.0258043	-3.17662	823
370	4	6	2	0.00066584	0.0258038756778899	0.0258039	-3.17663	538
371	-1	8	3	0.00066576	0.0258023254765922	0.0258023	-3.17668	755
372	-1	8	2	0.00066572	0.0258015503410163	0.0258016	-3.17671	184
373	-1	8	3	0.00066556	0.0257984495658169	0.0257984	-3.17681	30
374	7	6	3	0.00066536	0.0257945730726446	0.0257946	-3.17694	942
375	-1	8	2	0.0006651	0.0257895327604049	0.0257895	-3.17711	212
376	3	8	2	0.00066502	0.0257879816969068	0.025788	-3.17717	410
377	3	8	2	0.000665	0.0257875939164553	0.0257876	-3.17718	526
378	7	8	3	0.00066488	0.0257852671112789	0.0257853	-3.17726	286
379	-1	8	3	0.00066476	0.0257829400961178	0.0257829	-3.17734	260
380	-1	8	2	0.00066458	0.0257794491795306	0.0257794	-3.17745	745
381	5	8	3	0.00066446	0.025777121639159	0.0257771	-3.17753	465
382	-1	8	3	0.0006642	0.0257720779138974	0.0257721	-3.1777	936
383	-1	4	2	0.00066406	0.0257693616529397	0.0257694	-3.17779	867
384	-1	8	3	0.00066404	0.0257689735922873	0.025769	-3.17781	242
385	-1	4	2	0.00066402	0.0257685855257909	0.0257686	-3.17782	920
386	-1	8	3	0.00066398	0.0257678093752651	0.0257678	-3.17785	898
387	7	8	3	0.0006637	0.0257623756668518	0.0257624	-3.17803	259
388	-1	8	3	0.0006636	0.0257604347789396	0.0257604	-3.17809	744
389	5	8	3	0.00066358	0.0257600465838088	0.02576	-3.17811	619
390	4	6	2	0.00066356	0.025759658382828	0.0257597	-3.17812	163
391	7	8	3	0.00066354	0.0257592701759968	0.0257593	-3.17813	2
392	-1	8	3	0.00066342	0.0257569408121384	0.0257569	-3.17821	762
393	3	8	2	0.0006633	0.0257546112376017	0.0257546	-3.17829	424
394	4	8	2	0.00066316	0.0257518931342921	0.0257519	-3.17838	151
395	-1	8	3	0.00066248	0.0257386868351903	0.0257387	-3.17883	177
396	6	8	3	0.00066248	0.0257386868351903	0.0257387	-3.17883	371
397	-1	8	3	0.00066246	0.0257382983120485	0.0257383	-3.17884	185
398	4	6	2	0.00066228	0.02573480133982	0.0257348	-3.17896	289
399	-1	8	2	0.0006619	0.0257274172819582	0.0257274	-3.17921	401
400	-1	8	3	0.00066108	0.0257114760369762	0.0257115	-3.17975	384
401	6	8	3	0.00066094	0.0257087533731218	0.0257088	-3.17984	685
402	-1	6	3	0.00066044	0.0256990272189435	0.025699	-3.18017	222
403	-1	8	2	0.00066014	0.025693189759156	0.0256932	-3.18036	833
404	4	8	2	0.00065888	0.0256686579314151	0.0256687	-3.18119	79
405	3	6	2	0.00055314	0.0235189285470236	0.0235189	-3.25716	553
406	5	8	2	0.00055202	0.0234951058733516	0.0234951	-3.25805	571
407	4	6	2	0.00055102	0.0234738151990681	0.0234738	-3.25883	164
408	6	8	3	0.00055092	0.0234716850694619	0.0234717	-3.25891	693
409	-1	6	2	0.00055052	0.023463162617175	0.0234632	-3.25923	932
410	1	4	1	0.00055052	0.023463162617175	0.0234632	-3.25923	794
411	-1	6	2	0.00055002	0.0234525051966736	0.0234525	-3.25962	667
412	-1	8	2	0.00054978	0.0234473879142219	0.0234474	-3.25981	644
413	2	8	3	0.00054966	0.0234448288541418	0.0234448	-3.25991	441
414	4	6	2	0.00054962	0.02344397577204	0.023444	-3.25994	100
415	5	8	2	0.00054948	0.0234409897401966	0.023441	-3.26005	626
416	-1	8	2	0.00054946	0.0234405631331673	0.0234406	-3.26006	707
417	-1	8	3	0.00054924	0.0234358699433155	0.0234359	-3.26024	323
418	-1	4	2	0.00054914	0.023433736364481	0.0234337	-3.26032	925
419	-1	8	2	0.00054906	0.0234320293615384	0.023432	-3.26038	499
420	3	8	2	0.00054896	0.023429895432972	0.0234299	-3.26046	427
421	5	6	2	0.00054882	0.0234269076064256	0.0234269	-3.26057	610
422	5	8	2	0.0005486	0.0234222116803687	0.0234222	-3.26074	616
423	-1	8	3	0.00054858	0.0234217847313137	0.0234218	-3.26076	58
424	6	8	4	0.00054834	0.0234166607354678	0.0234167	-3.26095	62
425	2	8	3	0.00054826	0.0234149524876733	0.023415	-3.26101	54
426	-1	6	2	0.00054814	0.0234123898822824	0.0234124	-3.26111	477
427	1	4	1	0.00054806	0.0234106813228492	0.0234107	-3.26117	868
428	-1	6	2	0.00054798	0.0234089726387127	0.023409	-3.26124	225
429	3	6	2	0.00054794	0.0234081182498722	0.0234081	-3.26127	535
430	6	8	3	0.0005479	0.0234072638298456	0.0234073	-3.2613	692
431	8	6	2	0.00054782	0.0234055548962207	0.0234056	-3.26136	806
432	-1	8	3	0.00054782	0.0234055548962207	0.0234056	-3.26136	446
433	5	6	2	0.0005478	0.0234051276433178	0.0234051	-3.26138	605
434	5	8	2	0.00054742	0.0233970083557706	0.023397	-3.26168	464
435	-1	8	2	0.00054738	0.0233961535300143	0.0233962	-3.26171	742
436	-1	8	2	0.00054722	0.0233927339146155	0.0233927	-3.26184	697
437	-1	8	3	0.00054702	0.0233884586922696	0.0233885	-3.262	337
438	5	8	2	0.00054686	0.0233850379516476	0.023385	-3.26212	625
439	7	8	4	0.00054684	0.0233846103238861	0.0233846	-3.26214	258
440	2	8	3	0.00054684	0.0233846103238861	0.0233846	-3.26214	333
441	2	8	3	0.00054666	0.0233807613220785	0.0233808	-3.26228	362
442	7	8	3	0.0005466	0.0233794781806609	0.0233795	-3.26233	699
443	-1	8	3	0.0005465	0.0233773394551219	0.0233773	-3.26241	248
444	7	8	3	0.00054638	0.0233747727261678	0.0233748	-3.26251	195
445	-1	8	2	0.00054628	0.0233726335700537	0.0233726	-3.26258	886
446	1	4	1	0.00054628	0.0233726335700537	0.0233726	-3.26258	851
447	-1	6	3	0.00054628	0.0233726335700537	0.0233726	-3.26258	288
448	-1	8	2	0.00054626	0.0233722057153363	0.0233722	-3.2626	149
449	8	6	2	0.0005462	0.0233709221041875	0.0233709	-3.26265	779
450	2	8	3	0.00054606	0.0233679267373038	0.0233679	-3.26276	368
451	6	8	3	0.00054598	0.0233662149266842	0.0233662	-3.26282	646
452	2	8	3	0.00054596	0.023365786954434	0.0233658	-3.26284	684
453	-1	8	3	0.00054586	0.0233636469755901	0.0233636	-3.26292	283
454	-1	8	3	0.00054562	0.0233585102264678	0.0233585	-3.26311	301
455	-1	6	2	0.0005456	0.0233580821130503	0.0233581	-3.26313	296
456	-1	8	2	0.00054556	0.0233572258626747	0.0233572	-3.26316	148
457	-1	8	2	0.00054554	0.0233567977257157	0.0233568	-3.26317	175
458	2	8	3	0.00054552	0.0233563695809088	0.0233564	-3.26319	369
459	1	6	1	0.00054552	0.0233563695809088	0.0233564	-3.26319	415
460	-1	6	2	0.0005455	0.0233559414282533	0.0233559	-3.26321	730
461	7	8	3	0.0005455	0.0233559414282533	0.0233559	-3.26321	573
462	6	8	3	0.00054544	0.023354656923192	0.0233547	-3.26325	676
463	3	6	2	0.00054534	0.0233525159244138	0.0233525	-3.26333	536
464	-1	8	3	0.0005453	0.0233516594699392	0.0233517	-3.26336	48
465	-1	8	2	0.00054526	0.0233508029840517	0.0233508	-3.2634	895
466	4	8	3	0.00054512	0.02334780503602	0.0233478	-3.26351	112
467	-1	8	2	0.0005451	0.0233473767263048	0.0233474	-3.26352	193
468	-1	4	2	0.0005451	0.0233473767263048	0.0233474	-3.26352	228
469	-1	8	2	0.00054504	0.0233460917500125	0.0233461	-3.26357	689
470	-1	6	2	0.00054504	0.0233460917500125	0.0233461	-3.26357	239
471	5	8	2	0.000545	0.0233452350598575	0.0233452	-3.2636	491
472	-1	6	2	0.000545	0.0233452350598575	0.0233452	-3.2636	479
473	2	8	3	0.00054492	0.0233435215852279	0.0233435	-3.26367	27
474	4	8	3	0.0005449	0.023343093196918	0.0233431	-3.26368	76
475	-1	8	3	0.0005448	0.0233409511374323	0.023341	-3.26376	256
476	-1	8	2	0.0005447	0.0233388088813461	0.0233388	-3.26384	176
477	1	4	1	0.00054466	0.0233379519238514	0.023338	-3.26387	799
478	-1	6	2	0.00054464	0.0233375234333037	0.0233375	-3.26389	295
479	1	2	1	0.00054456	0.0233358093924338	0.0233358	-3.26395	858
480	5	8	2	0.0005445	0.0233345237791561	0.0233345	-3.264	590
481	5	8	2	0.00054446	0.0233336666642857	0.0233337	-3.26403	392
482	-1	6	2	0.00054446	0.0233336666642857	0.0233337	-3.26403	220
483	7	8	3	0.00054442	0.0233328095179299	0.0233328	-3.26407	8
484	-1	6	2	0.00054424	0.0233289519696021	0.023329	-3.26421	674
485	-1	8	3	0.00054424	0.0233289519696021	0.023329	-3.26421	311
486	-1	8	2	0.00054418	0.0233276659784043	0.0233277	-3.26426	445
487	-1	8	2	0.00054416	0.0233272372989173	0.0233272	-3.26427	688
488	-1	8	3	0.00054406	0.0233250937833056	0.0233251	-3.26435	317
489	-1	6	2	0.00054394	0.0233225213045245	0.0233225	-3.26445	233
490	-1	8	3	0.00054392	0.0233220925304742	0.0233221	-3.26446	31
491	5	6	2	0.00054378	0.0233190908913705	0.0233191	-3.26458	603
492	-1	8	3	0.0005437	0.0233173754955398	0.0233174	-3.26464	631
493	-1	8	3	0.00054368	0.0233169466268635	0.0233169	-3.26466	53
494	3	6	2	0.00054368	0.0233169466268635	0.0233169	-3.26466	805
495	-1	6	2	0.00054358	0.0233148021651482	0.0233148	-3.26474	359
496	4	8	3	0.00054346	0.0233122285506984	0.0233122	-3.26483	77
497	-1	8	3	0.00054318	0.0233062223451163	0.0233062	-3.26506	59
498	-1	8	3	0.00054318	0.0233062223451163	0.0233062	-3.26506	189
499	4	6	2	0.00054316	0.0233057932712019	0.0233058	-3.26507	169
500	-1	8	2	0.00054314	0.0233053641893878	0.0233054	-3.26509	752
501	1	2	1	0.00054312	0.0233049350996736	0.0233049	-3.2651	862
502	5	8	2	0.00054308	0.0233040768965432	0.0233041	-3.26514	589
503	-1	8	3	0.00054302	0.023302789532586	0.0233028	-3.26518	257
504	7	8	3	0.00054298	0.023301931250435	0.0233019	-3.26522	3
505	3	8	2	0.00054296	0.0233015020975044	0.0233015	-3.26523	391
506	-1	8	2	0.00054296	0.0233015020975044	0.0233015	-3.26523	490
507	-1	6	2	0.00054292	0.0233006437679305	0.0233006	-3.26526	940
508	1	4	1	0.0005428	0.0232980685894775	0.0232981	-3.26536	850
509	1	6	1	0.00054272	0.0232963516456977	0.0232964	-3.26542	421
510	-1	8	3	0.00054272	0.0232963516456977	0.0232964	-3.26542	194
511	-1	8	3	0.00054262	0.023294205288011	0.0232942	-3.2655	638
512	-1	6	2	0.0005426	0.0232937759927411	0.0232938	-3.26552	353
513	-1	8	2	0.00054256	0.0232929173784651	0.0232929	-3.26555	706
514	6	8	3	0.00054244	0.0232903413457167	0.0232903	-3.26565	683
515	-1	8	3	0.00054242	0.023289911979224	0.0232899	-3.26566	310
516	-1	6	2	0.00054236	0.0232886238322491	0.0232886	-3.26571	291
517	-1	8	2	0.00054228	0.0232869061921072	0.0232869	-3.26578	887
518	-1	8	2	0.00054222	0.0232856178788539	0.0232856	-3.26582	896
519	-1	6	2	0.0005422	0.023285188425263	0.0232852	-3.26584	238
520	4	6	2	0.00054216	0.0232843294943187	0.0232843	-3.26587	106
521	-1	8	2	0.00054208	0.0232826115373684	0.0232826	-3.26594	698
522	7	8	3	0.00054206	0.0232821820283237	0.0232822	-3.26595	888
523	6	8	3	0.000542	0.0232808934536456	0.0232809	-3.266	882
524	-1	8	2	0.00054198	0.0232804639129035	0.0232805	-3.26602	743
525	-1	6	2	0.00054192	0.0232791752431223	0.0232792	-3.26606	918
526	-1	6	2	0.0005416	0.0232723011324622	0.0232723	-3.26632	737
527	-1	8	2	0.0005416	0.0232723011324622	0.0232723	-3.26632	338
528	5	8	2	0.00054156	0.0232714417258579	0.0232714	-3.26635	428
529	-1	8	2	0.00054148	0.0232697228174295	0.0232697	-3.26642	463
530	3	4	2	0.00054142	0.023268433552777	0.0232684	-3.26647	543
531	-1	6	2	0.00054128	0.0232654249907454	0.0232654	-3.26658	39
532	-1	6	2	0.00054124	0.0232645653301324	0.0232646	-3.26661	485
533	-1	8	3	0.00054114	0.0232624160396121	0.0232624	-3.26669	373
534	-1	6	2	0.0005411	0.0232615562677995	0.0232616	-3.26672	221
535	7	8	3	0.00054108	0.0232611263699762	0.0232611	-3.26674	447
536	3	4	2	0.00054096	0.0232585468161706	0.0232585	-3.26683	547
537	-1	4	2	0.00054086	0.0232563969694362	0.0232564	-3.26692	926
538	6	8	3	0.00054076	0.0232542469239492	0.0232542	-3.267	340
539	-1	6	2	0.0005407	0.0232529568012328	0.023253	-3.26704	941
540	5	8	3	0.00054048	0.0232482257387526	0.0232482	-3.26722	572
541	3	6	2	0.0005404	0.0232465051136725	0.0232465	-3.26728	554
542	5	8	2	0.00054028	0.0232439239372357	0.0232439	-3.26738	374
543	5	6	2	0.00054028	0.0232439239372357	0.0232439	-3.26738	611
544	-1	8	2	0.00054014	0.0232409122024072	0.0232409	-3.26749	284
545	3	6	2	0.00054008	0.0232396213394281	0.0232396	-3.26754	778
546	-1	6	2	0.00054002	0.0232383304047429	0.0232383	-3.26759	919
547	6	8	3	0.0005397	0.0232314442082278	0.0232314	-3.26785	377
548	4	8	3	0.00053952	0.0232275698255328	0.0232276	-3.26799	113
549	6	8	3	0.0005394	0.0232249865446678	0.023225	-3.26809	34
550	2	8	3	0.00053926	0.023221972353786	0.023222	-3.2682	567
551	-1	6	3	0.0005392	0.02322068043792	0.0232207	-3.26825	44
552	-1	8	2	0.00053918	0.0232202497833249	0.0232202	-3.26827	643
553	-1	8	3	0.00053902	0.0232168042589845	0.0232168	-3.2684	252
554	-1	8	2	0.00053894	0.0232150813050482	0.0232151	-3.26846	247
555	5	8	2	0.0005389	0.0232142197801261	0.0232142	-3.26849	617
556	-1	4	2	0.00053884	0.0232129274327905	0.0232129	-3.26854	232
557	-1	6	2	0.00053818	0.0231987068605127	0.0231987	-3.26907	736
558	-1	6	2	0.00053812	0.0231974136489394	0.0231974	-3.26912	931
559	-1	8	2	0.0005381	0.0231969825623938	0.023197	-3.26914	32
560	-1	8	3	0.00053778	0.0231900840878165	0.0231901	-3.2694	302
561	2	8	3	0.00053756	0.0231853401959083	0.0231853	-3.26957	639
562	-1	6	2	0.0005374	0.0231818894829563	0.0231819	-3.2697	484
563	-1	6	2	0.0005361	0.0231538333759229	0.0231538	-3.27075	729
564	1	4	1	0.00053602	0.0231521057357641	0.0231521	-3.27082	869
565	5	8	2	0.00053586	0.0231486500686325	0.0231487	-3.27095	500
566	-1	8	2	0.00053552	0.0231413050625932	0.0231413	-3.27122	751
567	-1	8	3	0.00021506	0.0146649241389105	0.0146649	-3.66744	26
568	-1	8	3	0.00021502	0.0146635602770951	0.0146636	-3.66752	264
569	-1	8	2	0.00021496	0.014661514246489	0.0146615	-3.66764	147
570	-1	8	3	0.00021486	0.0146581035608294	0.0146581	-3.66784	82
571	-1	6	2	0.00021476	0.0146546920813779	0.0146547	-3.66805	839
572	-1	8	2	0.00021466	0.01465127980758	0.0146513	-3.66825	268
573	-1	8	3	0.00021466	0.01465127980758	0.0146513	-3.66825	64
574	-1	8	2	0.00021464	0.0146505972574499	0.0146506	-3.66829	451
575	-1	8	2	0.00021458	0.0146485494162391	0.0146485	-3.66841	728
576	-1	8	3	0.00021448	0.0146451357112182	0.0146451	-3.66861	127
577	-1	8	2	0.00021388	0.0146246367476256	0.0146246	-3.66983	830
578	-1	8	2	0.00021378	0.0146212174595688	0.0146212	-3.67003	390
579	-1	8	2	0.00021374	0.0146198495204294	0.0146198	-3.67011	834
580	-1	8	3	0.0002137	0.0146184814532837	0.0146185	-3.6702	261
581	-1	8	3	0.0002137	0.0146184814532837	0.0146185	-3.6702	405
582	-1	8	3	0.00021348	0.0146109547942631	0.014611	-3.67064	524
583	-1	8	3	0.0002134	0.0146082168658601	0.0146082	-3.67081	272
584	-1	6	2	0.0002134	0.0146082168658601	0.0146082	-3.67081	843
585	-1	8	2	0.00021332	0.0146054784242078	0.0146055	-3.67097	822
586	-1	8	3	0.0002133	0.0146047937335657	0.0146048	-3.67101	308
587	-1	8	2	0.00021326	0.014603424255975	0.0146034	-3.67109	387
588	-1	8	2	0.0002132	0.0146013697987552	0.0146014	-3.67121	277
589	-1	8	2	0.00021318	0.0146006849154415	0.0146007	-3.67125	456
590	-1	8	3	0.00021316	0.0146	0.0146	-3.67129	596
591	-1	8	3	0.0002131	0.0145979450608639	0.0145979	-3.67142	12
592	-1	6	2	0.0002131	0.0145979450608639	0.0145979	-3.67142	813
593	-1	8	3	0.00021308	0.0145972600168662	0.0145973	-3.67146	263
594	-1	8	3	0.00021302	0.0145952046919528	0.0145952	-3.67158	66
595	-1	8	3	0.00021286	0.0145897224099707	0.0145897	-3.67191	159
596	-1	8	3	0.00021284	0.0145890369798695	0.014589	-3.67195	773
597	-1	8	2	0.00021284	0.0145890369798695	0.014589	-3.67195	665
598	-1	8	2	0.00021282	0.0145883515175636	0.0145884	-3.67199	152
599	-1	8	2	0.0002128	0.0145876660230484	0.0145877	-3.67203	829
600	-1	8	3	0.00021278	0.0145869804963193	0.014587	-3.67207	245
601	-1	8	3	0.00021272	0.0145849237228036	0.0145849	-3.67219	595
602	-1	6	3	0.0002127	0.0145842380671738	0.0145842	-3.67223	929
603	-1	8	3	0.0002127	0.0145842380671738	0.0145842	-3.67223	487
604	-1	8	2	0.00021262	0.0145814951222431	0.0145815	-3.6724	532
605	-1	8	2	0.00021258	0.0145801234562674	0.0145801	-3.67248	846
606	-1	8	3	0.00021258	0.0145801234562674	0.0145801	-3.67248	134
607	-1	8	3	0.00021256	0.0145794375748861	0.0145794	-3.67252	408
608	-1	8	3	0.00021246	0.0145760076838619	0.014576	-3.67272	270
609	-1	8	2	0.00021242	0.0145746355014457	0.0145746	-3.6728	533
610	-1	8	3	0.00021242	0.0145746355014457	0.0145746	-3.6728	135
611	-1	8	3	0.00021242	0.0145746355014457	0.0145746	-3.6728	348
612	-1	8	3	0.00021238	0.0145732631898281	0.0145733	-3.67289	350
613	-1	8	3	0.00021236	0.0145725769855575	0.0145726	-3.67293	137
614	-1	8	3	0.00021234	0.0145718907489728	0.0145719	-3.67297	334
615	-1	6	2	0.00021234	0.0145718907489728	0.0145719	-3.67297	804
616	-1	6	2	0.0002123	0.0145705181788432	0.0145705	-3.67305	915
617	-1	8	3	0.00021226	0.0145691454794027	0.0145691	-3.67313	254
618	-1	8	2	0.00021222	0.0145677726506148	0.0145678	-3.67321	873
619	-1	6	2	0.00021222	0.0145677726506148	0.0145678	-3.67321	916
620	-1	8	3	0.00021222	0.0145677726506148	0.0145678	-3.67321	380
621	-1	8	2	0.00021216	0.0145657131648265	0.0145657	-3.67334	514
622	-1	8	2	0.0002121	0.0145636533878007	0.0145637	-3.67346	74
623	-1	8	3	0.00021206	0.0145622800412573	0.0145623	-3.67354	530
624	-1	6	2	0.00021206	0.0145622800412573	0.0145623	-3.67354	809
625	-1	8	3	0.00021206	0.0145622800412573	0.0145623	-3.67354	404
626	-1	8	3	0.00021206	0.0145622800412573	0.0145623	-3.67354	299
627	-1	8	2	0.00021204	0.0145615933194139	0.0145616	-3.67358	75
628	-1	6	3	0.00021204	0.0145615933194139	0.0145616	-3.67358	907
629	-1	8	3	0.00021202	0.0145609065651834	0.0145609	-3.67362	28
630	-1	8	3	0.00021202	0.0145609065651834	0.0145609	-3.67362	586
631	-1	8	3	0.00021198	0.0145595329595424	0.0145595	-3.67371	191
632	-1	8	2	0.00021198	0.0145595329595424	0.0145595	-3.67371	821
633	-1	8	3	0.00021196	0.0145588461081227	0.0145588	-3.67375	72
634	-1	8	3	0.00021194	0.0145581592242976	0.0145582	-3.67379	576
635	-1	8	3	0.00021194	0.0145581592242976	0.0145582	-3.67379	531
636	-1	8	3	0.00021194	0.0145581592242976	0.0145582	-3.67379	570
637	-1	8	3	0.00021192	0.0145574723080623	0.0145575	-3.67383	128
638	-1	8	3	0.00021192	0.0145574723080623	0.0145575	-3.67383	516
639	-1	8	3	0.00021188	0.014556098378343	0.0145561	-3.67391	496
640	-1	8	3	0.00021186	0.0145554113648498	0.0145554	-3.67395	434
641	-1	8	3	0.00021184	0.0145547243189282	0.0145547	-3.67399	129
642	-1	8	3	0.00021182	0.0145540372405735	0.014554	-3.67403	520
643	-1	8	3	0.0002118	0.0145533501297811	0.0145534	-3.67407	712
644	-1	8	2	0.00021178	0.0145526629865465	0.0145527	-3.67412	837
645	-1	8	3	0.00021178	0.0145526629865465	0.0145527	-3.67412	344
646	-1	8	3	0.00021176	0.014551975810865	0.014552	-3.67416	24
647	-1	8	3	0.00021168	0.0145492267835786	0.0145492	-3.67432	457
648	-1	6	2	0.00021168	0.0145492267835786	0.0145492	-3.67432	845
649	-1	8	2	0.00021162	0.0145471646721964	0.0145472	-3.67444	784
650	-1	8	2	0.00021156	0.0145451022684614	0.0145451	-3.67457	714
651	-1	8	3	0.00021156	0.0145451022684614	0.0145451	-3.67457	386
652	-1	8	2	0.00021156	0.0145451022684614	0.0145451	-3.67457	557
653	-1	6	2	0.00021152	0.0145437271701583	0.0145437	-3.67465	840
654	-1	8	2	0.00021148	0.0145423519418284	0.0145424	-3.67473	143
655	-1	8	3	0.00021146	0.0145416642788919	0.0145417	-3.67477	506
656	-1	8	3	0.00021146	0.0145416642788919	0.0145417	-3.67477	407
657	-1	8	2	0.00021144	0.0145409765834348	0.014541	-3.67481	519
658	-1	8	3	0.00021144	0.0145409765834348	0.014541	-3.67481	278
659	-1	8	2	0.00021142	0.0145402888554526	0.0145403	-3.67485	741
660	-1	8	3	0.00021142	0.0145402888554526	0.0145403	-3.67485	507
661	-1	8	3	0.0002114	0.0145396010949407	0.0145396	-3.6749	298
662	-1	8	3	0.0002114	0.0145396010949407	0.0145396	-3.6749	475
663	-1	8	3	0.00021136	0.014538225476309	0.0145382	-3.67498	771
664	-1	8	2	0.00021136	0.014538225476309	0.0145382	-3.67498	330
665	-1	8	3	0.00021134	0.01453753761818	0.0145375	-3.67502	190
666	-1	8	3	0.00021132	0.0145368497275029	0.0145368	-3.67506	207
667	-1	8	3	0.00021126	0.0145347858601357	0.0145348	-3.67518	108
668	-1	8	2	0.00021124	0.0145340978392193	0.0145341	-3.67522	838
669	-1	6	2	0.00021122	0.0145334097857316	0.0145334	-3.67526	818
670	-1	8	2	0.0002112	0.014532721699668	0.0145327	-3.67531	389
671	-1	8	3	0.0002112	0.014532721699668	0.0145327	-3.67531	90
672	-1	8	2	0.00021116	0.0145313454297942	0.0145313	-3.67539	723
673	-1	8	3	0.00021114	0.0145306572459748	0.0145307	-3.67543	560
674	-1	8	3	0.00021112	0.0145299690295609	0.01453	-3.67547	511
675	-1	8	3	0.00021108	0.0145285924989312	0.0145286	-3.67555	529
676	-1	8	3	0.00021108	0.0145285924989312	0.0145286	-3.67555	345
677	-1	6	2	0.00021108	0.0145285924989312	0.0145286	-3.67555	875
678	-1	8	3	0.00021104	0.0145272158378679	0.0145272	-3.67564	396
679	-1	8	2	0.00021102	0.0145265274584121	0.0145265	-3.67568	521
680	-1	8	3	0.00021102	0.0145265274584121	0.0145265	-3.67568	718
681	-1	8	3	0.000211	0.014525839046334	0.0145258	-3.67572	435
682	-1	6	2	0.000211	0.014525839046334	0.0145258	-3.67572	789
683	-1	8	3	0.00021098	0.0145251506016289	0.0145252	-3.67576	10
684	-1	8	3	0.00021098	0.0145251506016289	0.0145252	-3.67576	622
685	-1	8	3	0.00021096	0.0145244621242922	0.0145245	-3.6758	594
686	-1	6	2	0.00021094	0.0145237736143194	0.0145238	-3.67584	812
687	-1	8	2	0.00021092	0.0145230850717057	0.0145231	-3.67588	412
688	-1	8	3	0.00021092	0.0145230850717057	0.0145231	-3.67588	523
689	-1	8	3	0.0002109	0.0145223964964464	0.0145224	-3.67592	120
690	-1	8	3	0.00021084	0.0145203305747493	0.0145203	-3.67605	452
691	-1	8	2	0.0002108	0.0145189531303052	0.014519	-3.67613	431
692	-1	8	3	0.00021078	0.0145182643590754	0.0145183	-3.67617	601
693	-1	6	2	0.00021076	0.0145175755551676	0.0145176	-3.67621	930
694	-1	6	2	0.00021074	0.0145168867185771	0.0145169	-3.67625	880
695	-1	8	3	0.0002107	0.0145155089473294	0.0145155	-3.67634	91
696	-1	8	3	0.0002107	0.0145155089473294	0.0145155	-3.67634	336
697	-1	8	3	0.0002107	0.0145155089473294	0.0145155	-3.67634	138
698	-1	8	2	0.0002107	0.0145155089473294	0.0145155	-3.67634	705
699	-1	8	3	0.00021068	0.0145148200126629	0.0145148	-3.67638	204
700	-1	6	2	0.00021066	0.0145141310452951	0.0145141	-3.67642	881
701	-1	8	3	0.00021064	0.0145134420452214	0.0145134	-3.67646	280
702	-1	8	3	0.00021062	0.014512753012437	0.0145128	-3.6765	187
703	-1	8	2	0.0002106	0.0145120639469374	0.0145121	-3.67654	650
704	-1	6	2	0.00021058	0.0145113748487178	0.0145114	-3.67658	786
705	-1	6	2	0.00021058	0.0145113748487178	0.0145114	-3.67658	906
706	-1	8	3	0.00021056	0.0145106857177736	0.0145107	-3.67662	124
707	-1	8	3	0.00021054	0.0145099965541002	0.01451	-3.67667	83
708	-1	8	2	0.0002105	0.0145086181285469	0.0145086	-3.67675	864
709	-1	8	3	0.00021044	0.0145065502446309	0.0145066	-3.67687	559
710	-1	8	3	0.00021044	0.0145065502446309	0.0145066	-3.67687	119
711	-1	8	3	0.00021042	0.0145058608844839	0.0145059	-3.67691	276
712	-1	8	3	0.0002104	0.014505171491575	0.0145052	-3.67695	208
713	-1	8	2	0.00021038	0.0145044820658995	0.0145045	-3.677	831
714	-1	8	2	0.00021038	0.0145044820658995	0.0145045	-3.677	721
715	-1	8	3	0.00021036	0.0145037926074527	0.0145038	-3.67704	432
716	-1	8	3	0.00021032	0.0145024135922266	0.0145024	-3.67712	561
717	-1	8	2	0.00021028	0.0145010344458594	0.014501	-3.6772	651
718	-1	8	3	0.00021026	0.0145003448234861	0.0145003	-3.67724	583
719	-1	8	3	0.00021024	0.0144996551683135	0.0144997	-3.67728	199
720	-1	8	2	0.00021022	0.0144989654803369	0.014499	-3.67733	802
721	-1	8	3	0.0002102	0.0144982757595515	0.0144983	-3.67737	568
722	-1	8	2	0.00021018	0.0144975860059529	0.0144976	-3.67741	717
723	-1	6	2	0.00021018	0.0144975860059529	0.0144976	-3.67741	817
724	-1	8	3	0.00021018	0.0144975860059529	0.0144976	-3.67741	267
725	-1	8	2	0.00021018	0.0144975860059529	0.0144976	-3.67741	660
726	-1	8	3	0.00021016	0.0144968962195361	0.0144969	-3.67745	578
727	-1	8	3	0.00021016	0.0144968962195361	0.0144969	-3.67745	372
728	-1	8	2	0.00021012	0.0144955165482297	0.0144955	-3.67753	750
729	-1	8	3	0.0002101	0.0144948266633306	0.0144948	-3.67757	615
730	-1	8	2	0.0002101	0.0144948266633306	0.0144948	-3.67757	403
731	-1	8	3	0.00021006	0.0144934467950174	0.0144934	-3.67766	161
732	-1	8	3	0.00021006	0.0144934467950174	0.0144934	-3.67766	244
733	-1	6	2	0.00021006	0.0144934467950174	0.0144934	-3.67766	879
734	-1	8	3	0.00021004	0.0144927568115939	0.0144928	-3.6777	528
735	-1	8	3	0.00021002	0.0144920667953194	0.0144921	-3.67774	87
736	-1	8	3	0.00021002	0.0144920667953194	0.0144921	-3.67774	900
737	-1	8	3	0.00021	0.0144913767461894	0.0144914	-3.67778	198
738	-1	8	2	0.00021	0.0144913767461894	0.0144914	-3.67778	696
739	-1	8	2	0.00020996	0.014489996549344	0.01449	-3.67786	551
740	-1	8	3	0.00020996	0.014489996549344	0.01449	-3.67786	588
741	-1	8	3	0.00020994	0.0144893064016191	0.0144893	-3.6779	118
742	-1	8	3	0.00020994	0.0144893064016191	0.0144893	-3.6779	81
743	-1	8	2	0.00020994	0.0144893064016191	0.0144893	-3.6779	582
744	-1	8	2	0.00020992	0.0144886162210199	0.0144886	-3.67795	602
745	-1	8	2	0.00020992	0.0144886162210199	0.0144886	-3.67795	425
746	-1	8	3	0.0002099	0.0144879260075416	0.0144879	-3.67799	476
747	-1	8	3	0.0002099	0.0144879260075416	0.0144879	-3.67799	70
748	-1	8	3	0.0002099	0.0144879260075416	0.0144879	-3.67799	656
749	-1	8	3	0.0002099	0.0144879260075416	0.0144879	-3.67799	136
750	-1	8	2	0.00020988	0.0144872357611796	0.0144872	-3.67803	550
751	-1	8	3	0.00020988	0.0144872357611796	0.0144872	-3.67803	206
752	-1	8	3	0.00020986	0.0144865454819291	0.0144865	-3.67807	512
753	-1	8	3	0.00020986	0.0144865454819291	0.0144865	-3.67807	566
754	-1	8	3	0.00020984	0.0144858551697855	0.0144859	-3.67811	144
755	-1	8	2	0.00020982	0.014485164824744	0.0144852	-3.67815	720
756	-1	6	2	0.0002098	0.0144844744467999	0.0144845	-3.67819	777
757	-1	6	2	0.0002098	0.0144844744467999	0.0144845	-3.67819	866
758	-1	6	2	0.00020978	0.0144837840359486	0.0144838	-3.67824	908
759	-1	8	2	0.00020976	0.0144830935921853	0.0144831	-3.67828	772
760	-1	8	3	0.00020976	0.0144830935921853	0.0144831	-3.67828	153
761	-1	8	3	0.00020976	0.0144830935921853	0.0144831	-3.67828	641
762	-1	8	3	0.00020976	0.0144830935921853	0.0144831	-3.67828	811
763	-1	8	2	0.00020976	0.0144830935921853	0.0144831	-3.67828	406
764	-1	8	2	0.00020974	0.0144824031155054	0.0144824	-3.67832	174
765	-1	8	3	0.00020974	0.0144824031155054	0.0144824	-3.67832	458
766	-1	8	3	0.0002097	0.0144810220633766	0.014481	-3.6784	579
767	-1	8	3	0.0002097	0.0144810220633766	0.014481	-3.6784	71
768	-1	8	3	0.00020968	0.0144803314879184	0.0144803	-3.67844	810
769	-1	8	3	0.00020968	0.0144803314879184	0.0144803	-3.67844	98
770	-1	6	2	0.00020966	0.0144796408795246	0.0144796	-3.67848	782
771	-1	8	2	0.00020966	0.0144796408795246	0.0144796	-3.67848	111
772	-1	8	2	0.00020964	0.0144789502381906	0.014479	-3.67853	565
773	-1	8	3	0.00020962	0.0144782595639117	0.0144783	-3.67857	470
774	-1	8	3	0.00020958	0.0144768781165001	0.0144769	-3.67865	525
775	-1	8	3	0.00020956	0.0144761873433581	0.0144762	-3.67869	17
776	-1	8	3	0.00020956	0.0144761873433581	0.0144762	-3.67869	156
777	-1	8	3	0.00020956	0.0144761873433581	0.0144762	-3.67869	29
778	-1	8	2	0.00020954	0.0144754965372522	0.0144755	-3.67873	439
779	-1	8	2	0.00020954	0.0144754965372522	0.0144755	-3.67873	397
780	-1	8	3	0.0002095	0.0144741148261301	0.0144741	-3.67882	273
781	-1	8	2	0.0002095	0.0144741148261301	0.0144741	-3.67882	874
782	-1	8	2	0.00020948	0.0144734239211045	0.0144734	-3.67886	909
783	-1	8	2	0.00020948	0.0144734239211045	0.0144734	-3.67886	539
784	-1	8	3	0.00020946	0.0144727329830962	0.0144727	-3.6789	65
785	-1	8	3	0.00020946	0.0144727329830962	0.0144727	-3.6789	704
786	-1	8	2	0.00020944	0.0144720420121004	0.014472	-3.67894	759
787	-1	8	3	0.00020942	0.0144713510081125	0.0144714	-3.67898	453
788	-1	6	2	0.00020942	0.0144713510081125	0.0144714	-3.67898	872
789	-1	6	2	0.00020942	0.0144713510081125	0.0144714	-3.67898	785
790	-1	8	2	0.0002094	0.0144706599711278	0.0144707	-3.67902	836
791	-1	6	2	0.0002094	0.0144706599711278	0.0144707	-3.67902	791
792	-1	8	3	0.00020938	0.0144699689011414	0.01447	-3.67906	901
793	-1	8	3	0.00020938	0.0144699689011414	0.01447	-3.67906	15
794	-1	8	3	0.00020934	0.014468586662145	0.0144686	-3.67915	549
795	-1	8	3	0.00020934	0.014468586662145	0.0144686	-3.67915	180
796	-1	8	3	0.00020932	0.0144678954931255	0.0144679	-3.67919	686
797	-1	8	2	0.0002093	0.0144672042910854	0.0144672	-3.67923	116
798	-1	8	3	0.0002093	0.0144672042910854	0.0144672	-3.67923	155
799	-1	8	3	0.00020928	0.0144665130560201	0.0144665	-3.67927	740
800	-1	8	2	0.00020928	0.0144665130560201	0.0144665	-3.67927	179
801	-1	8	3	0.00020928	0.0144665130560201	0.0144665	-3.67927	205
802	-1	8	2	0.00020928	0.0144665130560201	0.0144665	-3.67927	663
803	-1	8	2	0.00020926	0.0144658217879248	0.0144658	-3.67931	827
804	-1	8	3	0.00020926	0.0144658217879248	0.0144658	-3.67931	343
805	-1	8	2	0.00020926	0.0144658217879248	0.0144658	-3.67931	642
806	-1	8	3	0.00020924	0.0144651304867948	0.0144651	-3.67936	117
807	-1	8	3	0.00020924	0.0144651304867948	0.0144651	-3.67936	56
808	-1	8	2	0.00020924	0.0144651304867948	0.0144651	-3.67936	172
809	-1	8	2	0.00020918	0.014463056385149	0.0144631	-3.67948	801
810	-1	8	3	0.00020916	0.0144623649518327	0.0144624	-3.67952	160
811	-1	8	3	0.00020912	0.0144609819860202	0.014461	-3.6796	399
812	-1	8	3	0.0002091	0.0144602904535144	0.0144603	-3.67965	93
813	-1	8	3	0.0002091	0.0144602904535144	0.0144603	-3.67965	469
814	-1	8	3	0.0002091	0.0144602904535144	0.0144603	-3.67965	468
815	-1	8	3	0.0002091	0.0144602904535144	0.0144603	-3.67965	19
816	-1	8	3	0.00020904	0.0144582156575423	0.0144582	-3.67977	213
817	-1	8	3	0.00020902	0.0144575239927174	0.0144575	-3.67981	55
818	-1	8	2	0.000209	0.014456832294801	0.0144568	-3.67985	894
819	-1	8	3	0.00020898	0.0144561405637881	0.0144561	-3.6799	217
820	-1	8	3	0.00020898	0.0144561405637881	0.0144561	-3.6799	764
821	-1	8	2	0.00020898	0.0144561405637881	0.0144561	-3.6799	775
822	-1	8	3	0.00020896	0.0144554487996741	0.0144554	-3.67994	182
823	-1	8	3	0.00020896	0.0144554487996741	0.0144554	-3.67994	97
824	-1	8	3	0.00020892	0.0144540651721237	0.0144541	-3.68002	262
825	-1	8	3	0.0002089	0.0144533733086778	0.0144534	-3.68006	92
826	-1	8	2	0.00020888	0.0144526814121117	0.0144527	-3.6801	910
827	-1	8	3	0.00020888	0.0144526814121117	0.0144527	-3.6801	719
828	-1	8	3	0.00020886	0.0144519894824208	0.014452	-3.68014	181
829	-1	8	2	0.00020884	0.0144512975196001	0.0144513	-3.68019	489
830	-1	8	3	0.00020884	0.0144512975196001	0.0144513	-3.68019	600
831	-1	8	2	0.00020882	0.014450605523645	0.0144506	-3.68023	835
832	-1	8	3	0.0002088	0.0144499134945508	0.0144499	-3.68027	893
833	-1	8	2	0.0002088	0.0144499134945508	0.0144499	-3.68027	80
834	-1	6	2	0.00020876	0.0144485293369256	0.0144485	-3.68035	848
835	-1	8	2	0.00020872	0.0144471450466866	0.0144471	-3.68044	687
836	-1	6	2	0.0002087	0.0144464528518249	0.0144465	-3.68048	902
837	-1	8	2	0.0002087	0.0144464528518249	0.0144465	-3.68048	726
838	-1	8	2	0.00020868	0.0144457606237955	0.0144458	-3.68052	774
839	-1	8	2	0.00020868	0.0144457606237955	0.0144458	-3.68052	426
840	-1	6	3	0.00020868	0.0144457606237955	0.0144458	-3.68052	938
841	-1	8	3	0.00020864	0.0144443760682142	0.0144444	-3.6806	235
842	-1	8	3	0.00020862	0.0144436837406529	0.0144437	-3.68064	471
843	-1	8	3	0.00020858	0.0144422989859648	0.0144423	-3.68073	450
844	-1	8	3	0.00020858	0.0144422989859648	0.0144423	-3.68073	438
845	-1	8	2	0.00020858	0.0144422989859648	0.0144423	-3.68073	385
846	-1	8	3	0.00020856	0.0144416065588286	0.0144416	-3.68077	125
847	-1	8	3	0.00020856	0.0144416065588286	0.0144416	-3.68077	21
848	-1	8	3	0.00020854	0.0144409140984911	0.0144409	-3.68081	142
849	-1	8	2	0.00020852	0.0144402216049478	0.0144402	-3.68085	847
850	-1	8	3	0.0002085	0.0144395290781937	0.0144395	-3.68089	11
851	-1	8	3	0.0002085	0.0144395290781937	0.0144395	-3.68089	154
852	-1	8	3	0.00020848	0.014438836518224	0.0144388	-3.68094	96
853	-1	8	3	0.00020848	0.014438836518224	0.0144388	-3.68094	398
854	-1	8	3	0.00020846	0.0144381439250341	0.0144381	-3.68098	20
855	-1	8	3	0.00020844	0.0144374512986192	0.0144375	-3.68102	133
856	-1	8	3	0.00020844	0.0144374512986192	0.0144375	-3.68102	513
857	-1	8	3	0.00020844	0.0144374512986192	0.0144375	-3.68102	649
858	-1	8	2	0.00020842	0.0144367586389743	0.0144368	-3.68106	89
859	-1	8	2	0.0002084	0.0144360659460949	0.0144361	-3.6811	826
860	-1	8	2	0.0002084	0.0144360659460949	0.0144361	-3.6811	767
861	-1	8	2	0.0002084	0.0144360659460949	0.0144361	-3.6811	413
862	-1	8	3	0.00020834	0.0144339876680008	0.014434	-3.68123	765
863	-1	8	2	0.00020832	0.014433294842135	0.0144333	-3.68127	218
864	-1	8	2	0.00020832	0.014433294842135	0.0144333	-3.68127	110
865	-1	8	3	0.0002083	0.0144326019830105	0.0144326	-3.68131	188
866	-1	8	3	0.00020828	0.0144319090906228	0.0144319	-3.68135	326
867	-1	8	3	0.00020828	0.0144319090906228	0.0144319	-3.68135	209
868	-1	8	3	0.00020826	0.0144312161649668	0.0144312	-3.68139	411
869	-1	8	2	0.00020822	0.0144298302138313	0.0144298	-3.68148	820
870	-1	8	3	0.00020822	0.0144298302138313	0.0144298	-3.68148	711
871	-1	8	3	0.0002082	0.0144291371883422	0.0144291	-3.68152	210
872	-1	8	2	0.0002082	0.0144291371883422	0.0144291	-3.68152	379
873	-1	8	3	0.00020818	0.0144284441295657	0.0144284	-3.68156	269
874	-1	8	3	0.00020818	0.0144284441295657	0.0144284	-3.68156	281
875	-1	8	3	0.00020816	0.0144277510374971	0.0144278	-3.6816	515
876	-1	8	3	0.00020814	0.0144270579121316	0.0144271	-3.68164	201
877	-1	8	2	0.00020812	0.0144263647534644	0.0144264	-3.68169	186
878	-1	8	3	0.00020812	0.0144263647534644	0.0144264	-3.68169	505
879	-1	8	3	0.00020812	0.0144263647534644	0.0144264	-3.68169	757
880	-1	8	3	0.00020808	0.0144249783362056	0.014425	-3.68177	183
881	-1	8	2	0.00020806	0.0144242850776044	0.0144243	-3.68181	722
882	-1	8	2	0.00020802	0.0144228984604344	0.0144229	-3.68189	145
883	-1	8	2	0.000208	0.014422205101856	0.0144222	-3.68194	584
884	-1	8	2	0.00020788	0.0144180442501748	0.014418	-3.68219	423
885	-1	8	3	0.00020784	0.0144166570327521	0.0144167	-3.68227	624
886	-1	8	3	0.0002078	0.0144152696818339	0.0144153	-3.68235	597
887	-1	6	2	0.00020778	0.014414575956302	0.0144146	-3.6824	911
888	-1	8	3	0.00020778	0.014414575956302	0.0144146	-3.6824	522
889	-1	8	3	0.00020776	0.0144138821973818	0.0144139	-3.68244	442
890	-1	8	2	0.00020772	0.0144124945793572	0.0144125	-3.68252	440
891	-1	8	2	0.0002077	0.0144118007202431	0.0144118	-3.68256	577
892	-1	8	2	0.00020768	0.0144111068277215	0.0144111	-3.68261	325
893	-1	8	3	0.00020766	0.0144104129017874	0.0144104	-3.68265	214
894	-1	8	2	0.00020764	0.014409718942436	0.0144097	-3.68269	659
895	-1	8	3	0.0002076	0.0144083309234623	0.0144083	-3.68277	558
896	-1	8	2	0.0002076	0.0144083309234623	0.0144083	-3.68277	727
897	-1	8	2	0.00020756	0.0144069427707616	0.0144069	-3.68286	763
898	-1	8	2	0.00020752	0.0144055544842953	0.0144056	-3.68294	433
899	-1	6	2	0.00020752	0.0144055544842953	0.0144056	-3.68294	912
900	-1	8	3	0.00020748	0.0144041660640247	0.0144042	-3.68302	84
901	-1	8	3	0.00020746	0.0144034718037007	0.0144035	-3.68307	884
902	-1	8	2	0.00020744	0.0144027775099111	0.0144028	-3.68311	768
903	-1	6	2	0.0002074	0.0144013888219158	0.0144014	-3.68319	790
904	-1	8	3	0.00020738	0.0144006944277004	0.0144007	-3.68323	498
905	-1	8	3	0.00020736	0.0144	0.0144	-3.68328	381
906	-1	8	3	0.00020736	0.0144	0.0144	-3.68328	444
907	-1	8	3	0.00020726	0.0143965273590543	0.0143965	-3.68348	695
908	-1	8	3	0.0002072	0.0143944433723573	0.0143944	-3.68361	253
909	-1	6	3	0.00020714	0.0143923590839028	0.0143924	-3.68374	816
910	-1	8	3	0.00020712	0.0143916642540048	0.0143917	-3.68378	402
911	-1	8	3	0.0002071	0.0143909693905588	0.014391	-3.68382	271
912	-1	8	2	0.00020708	0.0143902744935599	0.0143903	-3.68386	758
913	-1	8	3	0.00020708	0.0143902744935599	0.0143903	-3.68386	749
914	-1	8	2	0.00020708	0.0143902744935599	0.0143903	-3.68386	123
915	-1	8	3	0.00020704	0.014388884598884	0.0143889	-3.68395	200
916	-1	8	3	0.00020702	0.0143881896011972	0.0143882	-3.68399	613
917	-1	8	2	0.00020702	0.0143881896011972	0.0143882	-3.68399	828
918	-1	8	3	0.00020694	0.0143854092746783	0.0143854	-3.68416	327
919	-1	8	3	0.00020692	0.0143847141090812	0.0143847	-3.6842	460
920	-1	8	2	0.00020692	0.0143847141090812	0.0143847	-3.6842	713
921	-1	8	2	0.0002069	0.0143840189098875	0.014384	-3.68424	865
922	-1	8	3	0.0002069	0.0143840189098875	0.014384	-3.68424	171
923	-1	6	2	0.00020686	0.0143826284106904	0.0143826	-3.68432	854
924	-1	8	3	0.00020668	0.0143763694999816	0.0143764	-3.6847	766
925	-1	6	2	0.00020666	0.0143756738972474	0.0143757	-3.68474	844
926	-1	8	2	0.0002066	0.0143735868870648	0.0143736	-3.68487	658
927	-1	8	2	0.0002064	0.0143666279968544	0.0143666	-3.68529	462
928	-1	8	3	0.00020638	0.0143659319224337	0.0143659	-3.68533	88
929	-1	8	2	0.0002063	0.0143631472874158	0.0143631	-3.6855	885
930	-1	6	2	0.00020626	0.014361754767437	0.0143618	-3.68558	876
931	-1	8	3	0.00020604	0.0143540934927985	0.0143541	-3.68605	141
932	-1	8	2	0.00020602	0.0143533968105114	0.0143534	-3.68609	783
933	-1	8	2	0.00020596	0.0143513065607282	0.0143513	-3.68622	236
934	-1	8	3	0.00020594	0.0143506097431433	0.0143506	-3.68626	564
935	-1	8	2	0.0002059	0.0143492160064583	0.0143492	-3.68634	395
936	-1	8	3	0.00020584	0.0143471251475688	0.0143471	-3.68647	215
937	-1	8	2	0.00020584	0.0143471251475688	0.0143471	-3.68647	654
938	-1	8	3	0.00020548	0.0143345735897515	0.0143346	-3.68723	307
939	-1	8	3	0.00020544	0.0143331782937351	0.0143332	-3.68731	370
940	-1	6	2	0.0002054	0.0143317828618773	0.0143318	-3.6874	917
941	-1	8	3	0.00020494	0.0143157256190526	0.0143157	-3.68837	332
942	-1	6	2	0.00020438	0.0142961533287804	0.0142962	-3.68956	903
943	-1	6	2	0.00020418	0.0142891567280928	0.0142892	-3.68999	939
944	-1	8	3	0.0002034	0.0142618371888057	0.0142618	-3.69165	474
