ID	cluster	dist_rf	dist_spr	PP	sqrt(PP)	sqrt_size	log_size
0	1	0	0	0.0314237	0.177267312271609	0.177267	-1.50274
1	2	8	3	0.0314143	0.177240796658106	0.177241	-1.50287
2	3	6	2	0.0313647	0.177100818744578	0.177101	-1.50356
3	4	6	3	0.0313556	0.17707512529997	0.177075	-1.50368
4	3	6	2	0.0313254	0.176989830216315	0.17699	-1.5041
5	2	8	2	0.031321	0.176977399687079	0.176977	-1.50416
6	2	6	3	0.0313173	0.176966946066208	0.176967	-1.50422
7	2	6	2	0.0312912	0.176893188110792	0.176893	-1.50458
8	4	4	2	0.0312869	0.176881033465999	0.176881	-1.50464
9	4	4	2	0.0312819	0.176866899107775	0.176867	-1.50471
10	5	8	2	0.0312721	0.176839192488543	0.176839	-1.50484
11	5	8	2	0.0312698	0.176832689285663	0.176833	-1.50487
12	4	6	2	0.0312693	0.17683127551426	0.176831	-1.50488
13	1	4	1	0.0312635	0.176814874939865	0.176815	-1.50496
14	1	4	1	0.0312587	0.176801300900191	0.176801	-1.50503
15	4	6	2	0.0312565	0.176795079117039	0.176795	-1.50506
16	2	6	2	0.0312465	0.176766795524499	0.176767	-1.5052
17	2	8	2	0.0312403	0.176749257424183	0.176749	-1.50528
18	6	4	2	0.0312381	0.176743033808974	0.176743	-1.50532
19	4	6	3	0.0312367	0.176739073212462	0.176739	-1.50533
20	1	2	1	0.0312323	0.176726625045577	0.176727	-1.5054
21	4	6	3	0.0312286	0.176716156590166	0.176716	-1.50545
22	5	8	2	0.0312263	0.176709648859365	0.17671	-1.50548
23	2	6	2	0.031224	0.176703140888893	0.176703	-1.50551
24	3	4	2	0.0312222	0.176698047527413	0.176698	-1.50554
25	1	2	1	0.0312205	0.176693236995647	0.176693	-1.50556
26	5	6	2	0.0312146	0.176676540604575	0.176677	-1.50564
27	2	8	2	0.0312098	0.176662955935872	0.176663	-1.50571
28	4	6	2	0.0312092	0.176661257778835	0.176661	-1.50572
29	4	6	2	0.0312012	0.176638614124998	0.176639	-1.50583
30	5	8	3	0.0312	0.176635217326557	0.176635	-1.50585
31	5	8	2	0.0311963	0.176624743453458	0.176625	-1.5059
32	7	6	2	0.0311896	0.176605775669993	0.176606	-1.50599
33	6	6	2	0.0311888	0.176603510723881	0.176604	-1.506
34	1	2	1	0.0311874	0.176599546998287	0.1766	-1.50602
35	1	2	1	0.0311865	0.176596998841996	0.176597	-1.50603
36	3	6	3	0.031184	0.176589920437153	0.17659	-1.50607
37	4	6	2	0.0311803	0.176579443877253	0.176579	-1.50612
38	8	6	2	0.0311792	0.176576329104441	0.176576	-1.50614
39	5	6	2	0.0311705	0.176551692147088	0.176552	-1.50626
40	1	2	1	0.0311696	0.176549143300102	0.176549	-1.50627
41	7	4	2	0.0311587	0.176518271008981	0.176518	-1.50642
42	1	4	1	0.0311555	0.176509206558751	0.176509	-1.50647
43	2	8	2	0.0311529	0.176501841350168	0.176502	-1.5065
44	3	4	2	0.0311495	0.176492209459795	0.176492	-1.50655
45	3	6	3	0.0311452	0.176480027198547	0.17648	-1.50661
46	3	6	2	0.031134	0.176448292709224	0.176448	-1.50677
47	6	6	2	0.0311319	0.17644234185705	0.176442	-1.50679
48	6	6	2	0.0311211	0.176411734303589	0.176412	-1.50695
49	-1	4	2	0.0311198	0.176408049702954	0.176408	-1.50696
50	-1	8	2	0.0311043	0.17636411199561	0.176364	-1.50718
51	6	6	3	0.0310979	0.176345966781211	0.176346	-1.50727
52	2	8	3	0.0310977	0.176345399713177	0.176345	-1.50727
53	3	6	2	0.0310969	0.176343131422803	0.176343	-1.50728
54	7	6	2	0.0310961	0.176340863103252	0.176341	-1.50729
55	6	6	2	0.0310928	0.176331505976669	0.176332	-1.50734
56	2	8	3	0.0310914	0.176327536136589	0.176328	-1.50736
57	2	8	2	0.0310897	0.176322715496331	0.176323	-1.50738
58	8	4	2	0.0310785	0.176290952689014	0.176291	-1.50754
59	-1	8	3	0.0310718	0.17627194898792	0.176272	-1.50763
60	1	2	1	0.0310716	0.176271381681769	0.176271	-1.50764
61	3	4	2	0.0310603	0.176239325917912	0.176239	-1.50779
62	1	4	1	0.0310584	0.176233935438099	0.176234	-1.50782
63	5	8	2	0.0310523	0.176216628046277	0.176217	-1.50791
64	1	4	1	0.0310493	0.176208115590628	0.176208	-1.50795
65	3	6	2	0.0310476	0.176203291683215	0.176203	-1.50797
66	-1	4	2	0.0310396	0.176180589169182	0.176181	-1.50808
67	-1	4	2	0.0310338	0.176164128017028	0.176164	-1.50817
68	7	6	2	0.0310243	0.176137162461532	0.176137	-1.5083
69	8	4	2	0.0310083	0.176091737455225	0.176092	-1.50852
70	6	6	2	0.0310014	0.176072144304544	0.176072	-1.50862
71	6	6	3	0.030988	0.176034087608054	0.176034	-1.50881
72	-1	8	3	0.0309792	0.176009090674317	0.176009	-1.50893
73	1	4	1	0.030978	0.176005681726472	0.176006	-1.50895
74	-1	6	2	0.0309639	0.175965621642411	0.175966	-1.50914
75	3	6	2	0.0309287	0.175865573663523	0.175866	-1.50964
76	-1	8	2	0.0309212	0.175844249266219	0.175844	-1.50974
77	4	8	3	0.0309142	0.175824344162007	0.175824	-1.50984
78	1	4	1	0.0309141	0.17582405978705	0.175824	-1.50984
79	1	4	1	0.030904	0.175795335546766	0.175795	-1.50999
80	2	8	3	0.0307967	0.175489885748439	0.17549	-1.5115
81	3	6	2	0.0031528	0.0561497996434538	0.0561498	-2.5013
82	-1	6	2	0.0031512	0.0561355502333414	0.0561356	-2.50152
83	5	8	3	0.0031494	0.0561195153222121	0.0561195	-2.50177
84	8	8	2	0.003145	0.0560802995712398	0.0560803	-2.50238
85	4	8	3	0.0031392	0.056028564143658	0.0560286	-2.50318
86	-1	8	2	0.0031391	0.0560276717345991	0.0560277	-2.50319
87	7	6	2	0.0031388	0.0560249944221327	0.056025	-2.50324
88	2	8	3	0.0031386	0.0560232094760734	0.0560232	-2.50326
89	-1	6	2	0.0031385	0.0560223169817172	0.0560223	-2.50328
90	-1	8	2	0.0031378	0.056016069123065	0.0560161	-2.50337
91	-1	8	3	0.0031363	0.0560026785073714	0.0560027	-2.50358
92	-1	8	2	0.0031357	0.0559973213645081	0.0559973	-2.50367
93	-1	8	3	0.0031356	0.0559964284575365	0.0559964	-2.50368
94	-1	8	3	0.0031352	0.0559928566872597	0.0559929	-2.50373
95	4	8	3	0.0031347	0.0559883916539848	0.0559884	-2.5038
96	-1	6	2	0.0031341	0.0559830331439803	0.055983	-2.50389
97	-1	8	3	0.003134	0.0559821400091136	0.0559821	-2.5039
98	1	6	1	0.0031335	0.0559776741210279	0.0559777	-2.50397
99	-1	8	3	0.0031333	0.0559758876660299	0.0559759	-2.504
100	4	6	2	0.0031332	0.0559749944171502	0.055975	-2.50401
101	-1	6	2	0.0031327	0.0559705279589178	0.0559705	-2.50408
102	5	8	2	0.0031327	0.0559705279589178	0.0559705	-2.50408
103	-1	4	2	0.0031311	0.0559562328967918	0.0559562	-2.5043
104	-1	6	2	0.003131	0.0559553393341511	0.0559553	-2.50432
105	-1	6	2	0.0031303	0.0559490839960763	0.0559491	-2.50441
106	1	8	1	0.0031302	0.0559481903192588	0.0559482	-2.50443
107	7	6	2	0.0031295	0.0559419341817925	0.0559419	-2.50453
108	2	8	3	0.0031294	0.0559410403907543	0.055941	-2.50454
109	-1	8	2	0.0031291	0.0559383589319529	0.0559384	-2.50458
110	4	8	3	0.003129	0.055937465083788	0.0559375	-2.50459
111	-1	6	2	0.0031289	0.0559365712213396	0.0559366	-2.50461
112	6	6	2	0.0031284	0.0559321016948228	0.0559321	-2.50468
113	-1	8	3	0.0031284	0.0559321016948228	0.0559321	-2.50468
114	7	6	3	0.0031271	0.0559204792540264	0.0559205	-2.50486
115	-1	8	2	0.003126	0.0559106429939775	0.0559106	-2.50501
116	-1	8	2	0.003126	0.0559106429939775	0.0559106	-2.50501
117	-1	6	2	0.0031259	0.0559097487027084	0.0559097	-2.50502
118	-1	8	2	0.0031253	0.0559043826546721	0.0559044	-2.50511
119	5	8	3	0.0031248	0.0558999105544902	0.0558999	-2.50518
120	-1	6	2	0.0031244	0.055896332616729	0.0558963	-2.50523
121	5	6	2	0.0031236	0.0558891760540447	0.0558892	-2.50534
122	5	8	2	0.0031235	0.0558882814192743	0.0558883	-2.50536
123	-1	8	3	0.0031232	0.0558855974290335	0.0558856	-2.5054
124	3	8	3	0.0031227	0.0558811238254923	0.0558811	-2.50547
125	-1	8	2	0.0031222	0.0558766498637848	0.0558766	-2.50554
126	2	8	3	0.0031222	0.0558766498637848	0.0558766	-2.50554
127	-1	8	2	0.0031219	0.0558739653148047	0.055874	-2.50558
128	-1	8	3	0.0031218	0.0558730704364813	0.0558731	-2.50559
129	7	8	2	0.0031217	0.055872175543825	0.0558722	-2.50561
130	-1	8	3	0.0031215	0.0558703857155112	0.0558704	-2.50564
131	2	8	3	0.003121	0.0558659108938537	0.0558659	-2.50571
132	-1	6	2	0.003121	0.0558659108938537	0.0558659	-2.50571
133	3	8	2	0.003121	0.0558659108938537	0.0558659	-2.50571
134	8	8	2	0.0031209	0.0558650158865099	0.055865	-2.50572
135	3	8	2	0.0031209	0.0558650158865099	0.055865	-2.50572
136	-1	8	3	0.0031208	0.055864120864827	0.0558641	-2.50573
137	-1	8	2	0.0031203	0.0558596455413029	0.0558596	-2.5058
138	5	8	2	0.0031203	0.0558596455413029	0.0558596	-2.5058
139	7	8	2	0.0031202	0.0558587504335713	0.0558588	-2.50582
140	2	8	3	0.0031198	0.0558551698591992	0.0558552	-2.50587
141	-1	8	2	0.0031194	0.0558515890552811	0.0558516	-2.50593
142	-1	8	2	0.0031192	0.0558497985672285	0.0558498	-2.50596
143	5	8	3	0.003119	0.0558480080217728	0.055848	-2.50598
144	4	8	3	0.003119	0.0558480080217728	0.055848	-2.50598
145	-1	8	3	0.0031186	0.0558444267586301	0.0558444	-2.50604
146	-1	8	3	0.0031184	0.055842636040932	0.0558426	-2.50607
147	4	8	3	0.0031182	0.0558408452658088	0.0558408	-2.5061
148	2	8	3	0.0031179	0.0558381589954397	0.0558382	-2.50614
149	-1	6	2	0.0031179	0.0558381589954397	0.0558382	-2.50614
150	-1	6	2	0.0031176	0.0558354725958328	0.0558355	-2.50618
151	4	8	3	0.0031174	0.0558336815909537	0.0558337	-2.50621
152	-1	6	2	0.0031174	0.0558336815909537	0.0558337	-2.50621
153	4	4	2	0.0031167	0.0558274126213995	0.0558274	-2.5063
154	-1	8	3	0.0031159	0.05582024722267	0.0558202	-2.50642
155	-1	8	2	0.0031159	0.05582024722267	0.0558202	-2.50642
156	5	8	3	0.0031153	0.0558148725699522	0.0558149	-2.5065
157	-1	8	3	0.003115	0.0558121850495033	0.0558122	-2.50654
158	5	6	2	0.0031149	0.055811289180595	0.0558113	-2.50656
159	-1	8	3	0.0031149	0.055811289180595	0.0558113	-2.50656
160	-1	6	2	0.0031147	0.0558094973996362	0.0558095	-2.50658
161	8	6	2	0.0031146	0.0558086014875843	0.0558086	-2.5066
162	-1	8	3	0.0031146	0.0558086014875843	0.0558086	-2.5066
163	6	6	2	0.0031146	0.0558086014875843	0.0558086	-2.5066
164	-1	8	3	0.0031143	0.0558059136651305	0.0558059	-2.50664
165	4	8	3	0.0031143	0.0558059136651305	0.0558059	-2.50664
166	5	8	3	0.0031138	0.0558014336733385	0.0558014	-2.50671
167	-1	6	2	0.0031138	0.0558014336733385	0.0558014	-2.50671
168	-1	6	2	0.0031135	0.0557987455056115	0.0557987	-2.50675
169	-1	8	2	0.0031133	0.0557969533218437	0.055797	-2.50678
170	6	8	3	0.0031132	0.0557960572083727	0.0557961	-2.50679
171	-1	8	2	0.0031131	0.0557951610805095	0.0557952	-2.50681
172	4	6	2	0.003113	0.0557942649382533	0.0557943	-2.50682
173	-1	8	2	0.0031127	0.0557915764251199	0.0557916	-2.50686
174	4	8	3	0.0031126	0.0557906802252849	0.0557907	-2.50688
175	-1	6	2	0.003112	0.0557853027239254	0.0557853	-2.50696
176	-1	8	2	0.0031118	0.0557835101082748	0.0557835	-2.50699
177	-1	8	3	0.0031117	0.0557826137788469	0.0557826	-2.507
178	5	6	2	0.0031116	0.0557817174350163	0.0557817	-2.50702
179	-1	6	2	0.0031114	0.0557799247041442	0.0557799	-2.50704
180	2	8	3	0.003111	0.0557763390695374	0.0557763	-2.5071
181	4	6	2	0.0031109	0.0557754426248685	0.0557754	-2.50711
182	-1	8	3	0.0031106	0.0557727532044098	0.0557728	-2.50716
183	-1	8	2	0.0031106	0.0557727532044098	0.0557728	-2.50716
184	-1	6	2	0.0031105	0.0557718567021038	0.0557719	-2.50717
185	6	8	3	0.0031105	0.0557718567021038	0.0557719	-2.50717
186	3	8	2	0.0031104	0.0557709601853868	0.055771	-2.50718
187	2	6	2	0.0031102	0.055769167108717	0.0557692	-2.50721
188	-1	6	2	0.0031101	0.0557682705487628	0.0557683	-2.50723
189	5	8	3	0.0031099	0.0557664773856122	0.0557665	-2.50725
190	3	8	3	0.0031097	0.0557646841648009	0.0557647	-2.50728
191	7	8	3	0.0031096	0.0557637875327708	0.0557638	-2.5073
192	2	8	3	0.0031094	0.0557619942254579	0.055762	-2.50732
193	4	8	3	0.0031093	0.0557610975501738	0.0557611	-2.50734
194	4	8	3	0.0031091	0.0557593041563469	0.0557593	-2.50737
195	-1	8	2	0.003109	0.0557584074378026	0.0557584	-2.50738
196	-1	8	3	0.003109	0.0557584074378026	0.0557584	-2.50738
197	-1	8	2	0.0031088	0.055756613957449	0.0557566	-2.50741
198	-1	6	2	0.0031087	0.0557557171956383	0.0557557	-2.50742
199	4	8	3	0.0031087	0.0557557171956383	0.0557557	-2.50742
200	8	8	2	0.0031087	0.0557557171956383	0.0557557	-2.50742
201	-1	8	3	0.0031086	0.0557548204194041	0.0557548	-2.50744
202	2	8	3	0.0031085	0.0557539236287456	0.0557539	-2.50745
203	-1	8	3	0.0031084	0.0557530268236622	0.055753	-2.50746
204	-1	6	2	0.0031081	0.0557503363218555	0.0557503	-2.50751
205	-1	8	2	0.0031079	0.0557485425818469	0.0557485	-2.50753
206	-1	6	2	0.0031077	0.0557467487841219	0.0557467	-2.50756
207	1	6	1	0.0031075	0.0557449549286749	0.055745	-2.50759
208	-1	8	2	0.0031075	0.0557449549286749	0.055745	-2.50759
209	1	8	1	0.0031073	0.0557431610155004	0.0557432	-2.50762
210	5	8	3	0.0031073	0.0557431610155004	0.0557432	-2.50762
211	3	6	2	0.0031072	0.0557422640372635	0.0557423	-2.50763
212	1	8	1	0.0031071	0.0557413670445926	0.0557414	-2.50764
213	1	6	1	0.0031071	0.0557413670445926	0.0557414	-2.50764
214	-1	8	3	0.003107	0.0557404700374871	0.0557405	-2.50766
215	-1	8	3	0.0031066	0.0557368818647043	0.0557369	-2.50771
216	-1	8	2	0.0031065	0.0557359847854149	0.055736	-2.50773
217	-1	8	3	0.0031064	0.0557350876916866	0.0557351	-2.50774
218	2	8	3	0.0031061	0.0557323963238618	0.0557324	-2.50778
219	4	6	2	0.0031061	0.0557323963238618	0.0557324	-2.50778
220	-1	8	2	0.0031059	0.0557306020064381	0.0557306	-2.50781
221	-1	8	3	0.0031059	0.0557306020064381	0.0557306	-2.50781
222	5	8	3	0.0031058	0.055729704826062	0.0557297	-2.50783
223	-1	6	2	0.0031058	0.055729704826062	0.0557297	-2.50783
224	2	8	3	0.0031058	0.055729704826062	0.0557297	-2.50783
225	2	6	2	0.0031055	0.0557270131982686	0.055727	-2.50787
226	-1	8	3	0.0031052	0.0557243214404626	0.0557243	-2.50791
227	6	8	2	0.0031051	0.0557234241589657	0.0557234	-2.50792
228	-1	8	3	0.0031051	0.0557234241589657	0.0557234	-2.50792
229	2	6	2	0.0031051	0.0557234241589657	0.0557234	-2.50792
230	-1	8	3	0.0031048	0.0557207322277804	0.0557207	-2.50797
231	-1	8	3	0.0031048	0.0557207322277804	0.0557207	-2.50797
232	7	8	3	0.0031048	0.0557207322277804	0.0557207	-2.50797
233	-1	6	2	0.0031047	0.0557198348884847	0.0557198	-2.50798
234	4	8	3	0.0031041	0.0557144505492067	0.0557145	-2.50806
235	7	8	2	0.0031038	0.0557117581844264	0.0557118	-2.50811
236	8	8	3	0.0031038	0.0557117581844264	0.0557118	-2.50811
237	-1	6	2	0.0031037	0.0557108607005851	0.0557109	-2.50812
238	-1	8	2	0.003103	0.0557045779088218	0.0557046	-2.50822
239	3	8	2	0.0031028	0.0557027826953017	0.0557028	-2.50825
240	8	6	3	0.0031027	0.0557018850668449	0.0557019	-2.50826
241	-1	8	2	0.0031026	0.0557009874239227	0.055701	-2.50827
242	-1	6	2	0.0031026	0.0557009874239227	0.055701	-2.50827
243	-1	6	2	0.0031023	0.0556982944083569	0.0556983	-2.50832
244	3	8	2	0.0031021	0.0556964989923065	0.0556965	-2.50834
245	-1	6	2	0.0031011	0.0556875210437671	0.0556875	-2.50848
246	3	8	3	0.0031008	0.0556848273769435	0.0556848	-2.50853
247	3	8	3	0.0031004	0.0556812356184738	0.0556812	-2.50858
248	-1	6	2	0.0031003	0.0556803376426544	0.0556803	-2.5086
249	2	8	3	0.0031001	0.0556785416475683	0.0556785	-2.50862
250	-1	8	2	0.0031	0.0556776436283002	0.0556776	-2.50864
251	1	8	1	0.0031	0.0556776436283002	0.0556776	-2.50864
252	-1	8	3	0.0031	0.0556776436283002	0.0556776	-2.50864
253	-1	8	3	0.0030997	0.0556749494835873	0.0556749	-2.50868
254	4	8	3	0.0030996	0.0556740514063778	0.0556741	-2.50869
255	-1	8	3	0.0030996	0.0556740514063778	0.0556741	-2.50869
256	4	6	2	0.0030996	0.0556740514063778	0.0556741	-2.50869
257	-1	8	2	0.0030995	0.0556731533146812	0.0556732	-2.50871
258	-1	8	2	0.0030995	0.0556731533146812	0.0556732	-2.50871
259	-1	8	3	0.0030994	0.0556722552084968	0.0556723	-2.50872
260	-1	8	2	0.0030985	0.0556641716007703	0.0556642	-2.50885
261	5	8	3	0.0030984	0.0556632733496693	0.0556633	-2.50886
262	-1	8	3	0.0030982	0.05566147680398	0.0556615	-2.50889
263	-1	6	2	0.0030982	0.05566147680398	0.0556615	-2.50889
264	4	6	2	0.0030981	0.0556605785093903	0.0556606	-2.5089
265	-1	8	3	0.0030981	0.0556605785093903	0.0556606	-2.5089
266	2	8	3	0.0030979	0.0556587818767173	0.0556588	-2.50893
267	-1	8	2	0.0030978	0.0556578835386327	0.0556579	-2.50895
268	7	6	2	0.0030976	0.0556560868189635	0.0556561	-2.50897
269	-1	8	3	0.0030975	0.0556551884373775	0.0556552	-2.50899
270	-1	8	3	0.0030975	0.0556551884373775	0.0556552	-2.50899
271	-1	8	2	0.0030973	0.0556533916306994	0.0556534	-2.50902
272	3	8	2	0.0030973	0.0556533916306994	0.0556534	-2.50902
273	-1	8	3	0.0030972	0.0556524932056058	0.0556525	-2.50903
274	-1	6	2	0.0030971	0.0556515947660083	0.0556516	-2.50904
275	-1	8	3	0.0030971	0.0556515947660083	0.0556516	-2.50904
276	5	8	3	0.0030971	0.0556515947660083	0.0556516	-2.50904
277	-1	6	2	0.0030966	0.0556471023504369	0.0556471	-2.50911
278	-1	6	2	0.0030965	0.055646203823801	0.0556462	-2.50913
279	-1	8	3	0.0030964	0.0556453052826561	0.0556453	-2.50914
280	-1	8	3	0.0030962	0.0556435081568371	0.0556435	-2.50917
281	3	6	2	0.0030962	0.0556435081568371	0.0556435	-2.50917
282	-1	8	2	0.003096	0.0556417109729742	0.0556417	-2.5092
283	-1	8	3	0.0030956	0.0556381164310943	0.0556381	-2.50926
284	-1	6	2	0.0030951	0.0556336229271472	0.0556336	-2.50933
285	-1	8	2	0.0030951	0.0556336229271472	0.0556336	-2.50933
286	7	8	2	0.0030948	0.0556309266505601	0.0556309	-2.50937
287	-1	8	3	0.0030945	0.0556282302432856	0.0556282	-2.50941
288	2	8	3	0.0030944	0.0556273314118159	0.0556273	-2.50942
289	2	8	3	0.0030943	0.0556264325658225	0.0556264	-2.50944
290	1	6	1	0.0030942	0.0556255337053048	0.0556255	-2.50945
291	-1	8	2	0.0030941	0.055624634830262	0.0556246	-2.50947
292	7	8	2	0.0030938	0.0556219381179764	0.0556219	-2.50951
293	-1	6	2	0.0030937	0.0556210391848265	0.055621	-2.50952
294	-1	6	2	0.0030936	0.0556201402371479	0.0556201	-2.50954
295	-1	8	2	0.0030935	0.0556192412749401	0.0556192	-2.50955
296	-1	8	2	0.0030933	0.0556174433069338	0.0556174	-2.50958
297	-1	8	2	0.0030933	0.0556174433069338	0.0556174	-2.50958
298	1	6	1	0.0030933	0.0556174433069338	0.0556174	-2.50958
299	-1	8	3	0.0030933	0.0556174433069338	0.0556174	-2.50958
300	8	8	3	0.0030926	0.0556111499611364	0.0556111	-2.50968
301	-1	8	2	0.0030925	0.0556102508535971	0.0556103	-2.50969
302	-1	6	2	0.0030924	0.0556093517315208	0.0556094	-2.5097
303	1	8	1	0.0030921	0.0556066542780628	0.0556067	-2.50975
304	-1	8	2	0.003092	0.0556057550978314	0.0556058	-2.50976
305	-1	6	2	0.0030919	0.0556048559030594	0.0556049	-2.50977
306	6	8	2	0.0030914	0.0556003597110666	0.0556004	-2.50984
307	5	8	3	0.0030913	0.0555994604290365	0.0555995	-2.50986
308	5	8	3	0.0030912	0.055598561132461	0.0555986	-2.50987
309	7	8	3	0.0030911	0.0555976618213392	0.0555977	-2.50989
310	8	8	3	0.0030908	0.0555949638006897	0.055595	-2.50993
311	-1	8	2	0.0030906	0.0555931650475128	0.0555932	-2.50996
312	-1	8	2	0.0030906	0.0555931650475128	0.0555932	-2.50996
313	-1	6	2	0.0030906	0.0555931650475128	0.0555932	-2.50996
314	1	6	1	0.0030902	0.0555895673665482	0.0555896	-2.51001
315	-1	8	2	0.0030901	0.0555886679099257	0.0555887	-2.51003
316	-1	8	3	0.0030901	0.0555886679099257	0.0555887	-2.51003
317	2	6	2	0.0030897	0.0555850699378889	0.0555851	-2.51008
318	3	8	2	0.0030896	0.0555841704084895	0.0555842	-2.5101
319	6	8	2	0.0030894	0.0555823713060175	0.0555824	-2.51013
320	-1	8	3	0.0030892	0.0555805721453099	0.0555806	-2.51015
321	-1	6	2	0.003089	0.055578772926361	0.0555788	-2.51018
322	-1	8	2	0.0030886	0.0555751743137167	0.0555752	-2.51024
323	-1	8	2	0.0030885	0.055574274624146	0.0555743	-2.51025
324	-1	8	3	0.0030884	0.05557337492001	0.0555734	-2.51027
325	-1	8	3	0.0030877	0.0555670765831711	0.0555671	-2.51036
326	-1	6	2	0.0030874	0.0555643770774045	0.0555644	-2.51041
327	6	4	2	0.0030874	0.0555643770774045	0.0555644	-2.51041
328	3	8	2	0.0030872	0.0555625773340294	0.0555626	-2.51044
329	3	8	2	0.0030871	0.0555616774404805	0.0555617	-2.51045
330	-1	8	2	0.003087	0.0555607775323564	0.0555608	-2.51046
331	1	4	1	0.0030866	0.055557177754094	0.0555572	-2.51052
332	7	8	2	0.0030865	0.0555562777730834	0.0555563	-2.51053
333	-1	8	3	0.0030865	0.0555562777730834	0.0555563	-2.51053
334	4	8	3	0.0030865	0.0555562777730834	0.0555563	-2.51053
335	1	4	1	0.0030862	0.0555535777425721	0.0555536	-2.51058
336	-1	8	3	0.0030861	0.0555526777032395	0.0555527	-2.51059
337	-1	8	3	0.003086	0.0555517776493246	0.0555518	-2.5106
338	8	6	2	0.0030859	0.0555508775808267	0.0555509	-2.51062
339	-1	8	2	0.0030859	0.0555508775808267	0.0555509	-2.51062
340	-1	8	3	0.0030858	0.0555499774977452	0.05555	-2.51063
341	-1	8	2	0.0030858	0.0555499774977452	0.05555	-2.51063
342	-1	8	2	0.0030857	0.0555490774000793	0.0555491	-2.51065
343	1	8	1	0.0030856	0.0555481772878283	0.0555482	-2.51066
344	1	8	1	0.0030852	0.055544576692959	0.0555446	-2.51072
345	-1	8	3	0.0030849	0.0555418760936287	0.0555419	-2.51076
346	-1	8	3	0.0030844	0.0555373748029199	0.0555374	-2.51083
347	3	6	3	0.0030843	0.055536474500998	0.0555365	-2.51084
348	-1	8	3	0.0030843	0.055536474500998	0.0555365	-2.51084
349	-1	6	2	0.0030842	0.0555355741844811	0.0555356	-2.51086
350	3	8	2	0.0030842	0.0555355741844811	0.0555356	-2.51086
351	5	8	3	0.0030838	0.0555319727724488	0.055532	-2.51091
352	-1	4	2	0.003083	0.055524769247607	0.0555248	-2.51103
353	8	8	2	0.0030828	0.055522968220368	0.055523	-2.51105
354	6	8	3	0.0030828	0.055522968220368	0.055523	-2.51105
355	-1	8	3	0.0030824	0.0555193659906163	0.0555194	-2.51111
356	-1	8	2	0.0030824	0.0555193659906163	0.0555194	-2.51111
357	-1	8	3	0.0030821	0.0555166641649154	0.0555167	-2.51115
358	8	8	2	0.0030817	0.0555130615260949	0.0555131	-2.51121
359	-1	6	2	0.0030817	0.0555130615260949	0.0555131	-2.51121
360	-1	8	3	0.0030815	0.0555112601190065	0.0555113	-2.51124
361	-1	8	3	0.0030813	0.0555094586534583	0.0555095	-2.51127
362	-1	8	3	0.0030811	0.0555076571294448	0.0555077	-2.51129
363	-1	6	2	0.0030809	0.0555058555469601	0.0555059	-2.51132
364	-1	8	2	0.0030806	0.0555031530635873	0.0555032	-2.51136
365	3	6	2	0.0030805	0.0555022522065546	0.0555023	-2.51138
366	-1	6	2	0.0030802	0.0554995495477216	0.0554995	-2.51142
367	8	8	2	0.0030802	0.0554995495477216	0.0554995	-2.51142
368	8	8	2	0.0030801	0.0554986486321964	0.0554986	-2.51144
369	-1	6	2	0.0030795	0.055493242831898	0.0554932	-2.51152
370	-1	8	3	0.0030795	0.055493242831898	0.0554932	-2.51152
371	-1	6	2	0.0030793	0.0554914407814394	0.0554914	-2.51155
372	-1	6	2	0.003079	0.0554887375960203	0.0554887	-2.51159
373	-1	6	2	0.0030786	0.0554851331439332	0.0554851	-2.51165
374	2	8	3	0.0030784	0.055483330830079	0.0554833	-2.51167
375	3	8	2	0.0030783	0.0554824296511968	0.0554824	-2.51169
376	-1	8	3	0.0030781	0.0554806272495184	0.0554806	-2.51172
377	-1	8	2	0.003078	0.0554797260267208	0.0554797	-2.51173
378	-1	8	3	0.0030776	0.0554761209891247	0.0554761	-2.51179
379	-1	8	2	0.0030775	0.0554752196931206	0.0554752	-2.5118
380	-1	8	2	0.0030771	0.055471614362663	0.0554716	-2.51186
381	-1	6	2	0.0030767	0.0554680087978647	0.055468	-2.51191
382	-1	8	3	0.0030764	0.0554653044704525	0.0554653	-2.51196
383	-1	8	3	0.0030761	0.0554626000111787	0.0554626	-2.512
384	-1	6	2	0.0030758	0.055459895420024	0.0554599	-2.51204
385	2	8	3	0.0030744	0.05544727225031	0.0554473	-2.51224
386	1	8	1	0.0030741	0.0554445669114657	0.0554446	-2.51228
387	6	8	2	0.0030739	0.0554427632788987	0.0554428	-2.51231
388	6	6	2	0.0030736	0.0554400577200277	0.0554401	-2.51235
389	7	6	2	0.0030726	0.0554310382367136	0.055431	-2.51249
390	8	6	2	0.0030726	0.0554310382367136	0.055431	-2.51249
391	-1	8	3	0.0030724	0.0554292341639319	0.0554292	-2.51252
392	7	8	2	0.0030724	0.0554292341639319	0.0554292	-2.51252
393	-1	6	2	0.0030722	0.0554274300324307	0.0554274	-2.51255
394	-1	8	2	0.0030721	0.0554265279446584	0.0554265	-2.51256
395	-1	8	2	0.0030718	0.0554238215932463	0.0554238	-2.51261
396	6	6	2	0.0030705	0.0554120925430542	0.0554121	-2.51279
397	-1	8	3	0.0030704	0.0554111902055893	0.0554112	-2.51281
398	4	6	2	0.0030698	0.0554057758721959	0.0554058	-2.51289
399	-1	8	3	0.0030693	0.0554012635234974	0.0554013	-2.51296
400	-1	8	2	0.0030688	0.055396750807245	0.0553968	-2.51303
401	5	6	2	0.0030678	0.0553877242717193	0.0553877	-2.51317
402	8	8	3	0.0030668	0.0553786962648996	0.0553787	-2.51331
403	-1	6	3	0.0030662	0.0553732787542872	0.0553733	-2.5134
404	2	6	3	0.0030654	0.0553660545822077	0.0553661	-2.51351
405	3	6	2	0.0030642	0.0553552165563463	0.0553552	-2.51368
406	1	6	1	0.0030639	0.055352506718305	0.0553525	-2.51373
407	4	8	3	0.0030634	0.055347990026739	0.055348	-2.5138
408	7	6	2	0.0030634	0.055347990026739	0.055348	-2.5138
409	7	6	2	0.0030627	0.0553416660392511	0.0553417	-2.5139
410	5	8	3	0.0030625	0.0553398590529466	0.0553399	-2.51392
411	5	8	3	0.0030625	0.0553398590529466	0.0553399	-2.51392
412	2	8	3	0.0030624	0.055338955537668	0.055339	-2.51394
413	-1	6	2	0.0030623	0.0553380520076376	0.0553381	-2.51395
414	6	8	3	0.0030621	0.0553362449033181	0.0553362	-2.51398
415	7	8	2	0.00306	0.0553172667437573	0.0553173	-2.51428
416	7	6	2	0.0030599	0.055316362859465	0.0553164	-2.51429
417	8	8	2	0.0030597	0.0553145550465698	0.0553146	-2.51432
418	4	8	3	0.0030591	0.0553091312533473	0.0553091	-2.51441
419	2	8	3	0.003059	0.0553082272360993	0.0553082	-2.51442
420	-1	6	2	0.0030585	0.0553037069281979	0.0553037	-2.51449
421	-1	8	2	0.0030575	0.055294665203797	0.0552947	-2.51463
422	7	6	2	0.0030571	0.0552910481000315	0.055291	-2.51469
423	5	8	3	0.0030571	0.0552910481000315	0.055291	-2.51469
424	1	4	1	0.0030556	0.0552774818529209	0.0552775	-2.5149
425	7	8	2	0.0030546	0.0552684358381889	0.0552684	-2.51505
426	7	8	2	0.0030543	0.0552657217450383	0.0552657	-2.51509
427	-1	8	3	0.0030542	0.0552648170177012	0.0552648	-2.5151
428	8	8	3	0.0030541	0.0552639122755528	0.0552639	-2.51512
429	-1	6	2	0.003054	0.0552630075185924	0.055263	-2.51513
430	7	8	3	0.0030538	0.0552611979602325	0.0552612	-2.51516
431	5	6	2	0.0030535	0.055258483511584	0.0552585	-2.5152
432	4	8	3	0.0030528	0.0552521492794624	0.0552521	-2.5153
433	1	4	1	0.0030514	0.0552394786362073	0.0552395	-2.5155
434	6	8	2	0.0030513	0.0552385734790463	0.0552386	-2.51552
435	3	8	2	0.0030507	0.0552331422245738	0.0552331	-2.5156
436	8	8	3	0.0030506	0.0552322369635705	0.0552322	-2.51561
437	-1	6	2	0.0030503	0.0552295210915322	0.0552295	-2.51566
438	-1	4	2	0.00305	0.0552268050859363	0.0552268	-2.5157
439	-1	8	3	0.0030491	0.0552186562676058	0.0552187	-2.51583
440	-1	6	2	0.0030489	0.0552168452557732	0.0552168	-2.51586
441	7	8	2	0.0030486	0.0552141286266477	0.0552141	-2.5159
442	8	8	2	0.0030485	0.0552132230539026	0.0552132	-2.51591
443	8	8	2	0.0030485	0.0552132230539026	0.0552132	-2.51591
444	7	8	3	0.0030476	0.0552050722307289	0.0552051	-2.51604
445	7	8	2	0.0030471	0.0552005434755855	0.0552005	-2.51611
446	8	6	2	0.0030466	0.055196014348864	0.055196	-2.51618
447	8	6	2	0.0030465	0.0551951084789223	0.0551951	-2.5162
448	4	6	3	0.003046	0.0551905789061865	0.0551906	-2.51627
449	8	8	2	0.0030459	0.0551896729470288	0.0551897	-2.51628
450	7	8	2	0.0030453	0.0551842368797467	0.0551842	-2.51637
451	1	6	1	0.003045	0.0551815186452856	0.0551815	-2.51641
452	1	6	1	0.0030447	0.0551788002769179	0.0551788	-2.51646
453	-1	8	2	0.0030445	0.0551769879569373	0.055177	-2.51648
454	7	8	2	0.0030441	0.0551733631383841	0.0551734	-2.51654
455	1	6	1	0.0030441	0.0551733631383841	0.0551734	-2.51654
456	-1	6	2	0.0030435	0.0551679254639868	0.0551679	-2.51663
457	8	8	2	0.003043	0.0551633936592012	0.0551634	-2.5167
458	3	8	2	0.0030428	0.0551615808330399	0.0551616	-2.51673
459	-1	6	2	0.0030418	0.055152515808438	0.0551525	-2.51687
460	6	6	2	0.0030417	0.055151609224029	0.0551516	-2.51688
461	6	8	2	0.0030416	0.0551507026247173	0.0551507	-2.5169
462	1	2	1	0.0030405	0.0551407290484992	0.0551407	-2.51705
463	1	4	1	0.0030396	0.0551325675077807	0.0551326	-2.51718
464	3	6	2	0.0030392	0.05512893976851	0.0551289	-2.51724
465	-1	8	2	0.0030389	0.0551262188073878	0.0551262	-2.51728
466	-1	6	2	0.0030388	0.0551253117905015	0.0551253	-2.5173
467	8	8	2	0.0030383	0.0551207764821941	0.0551208	-2.51737
468	3	8	2	0.0030382	0.0551198693757523	0.0551199	-2.51738
469	-1	6	3	0.0030382	0.0551198693757523	0.0551199	-2.51738
470	3	8	2	0.003038	0.0551180551180827	0.0551181	-2.51741
471	-1	6	2	0.003038	0.0551180551180827	0.0551181	-2.51741
472	2	8	3	0.0030379	0.0551171479668533	0.0551171	-2.51743
473	4	6	3	0.0030378	0.0551162408006932	0.0551162	-2.51744
474	6	6	2	0.0030378	0.0551162408006932	0.0551162	-2.51744
475	1	4	1	0.0030377	0.0551153336196017	0.0551153	-2.51746
476	-1	6	2	0.0030377	0.0551153336196017	0.0551153	-2.51746
477	8	6	2	0.0030377	0.0551153336196017	0.0551153	-2.51746
478	1	6	1	0.0030374	0.0551126119867313	0.0551126	-2.5175
479	-1	8	2	0.0030374	0.0551126119867313	0.0551126	-2.5175
480	5	8	3	0.0030374	0.0551126119867313	0.0551126	-2.5175
481	8	8	2	0.0030374	0.0551126119867313	0.0551126	-2.5175
482	4	8	3	0.0030373	0.0551117047459067	0.0551117	-2.51751
483	-1	6	2	0.0030371	0.0551098902194515	0.0551099	-2.51754
484	7	8	2	0.0030368	0.0551071683177425	0.0551072	-2.51758
485	7	8	2	0.0030362	0.0551017241109568	0.0551017	-2.51767
486	6	6	2	0.0030362	0.0551017241109568	0.0551017	-2.51767
487	6	6	2	0.0030352	0.0550926492374436	0.0550926	-2.51781
488	3	8	2	0.0030345	0.0550862959364668	0.0550863	-2.51791
489	1	4	1	0.0030324	0.0550672316355199	0.0550672	-2.51821
490	6	6	2	0.0030323	0.0550663236470349	0.0550663	-2.51823
491	6	6	2	0.0030322	0.055065415643578	0.0550654	-2.51824
492	4	6	2	0.0030321	0.0550645076251482	0.0550645	-2.51826
493	-1	6	2	0.0030319	0.0550626915433672	0.0550627	-2.51829
494	-1	8	2	0.0030318	0.0550617834800145	0.0550618	-2.5183
495	7	8	2	0.0030318	0.0550617834800145	0.0550618	-2.5183
496	-1	6	2	0.0030316	0.0550599673083811	0.05506	-2.51833
497	3	6	2	0.0030308	0.0550527020226982	0.0550527	-2.51844
498	-1	8	3	0.0030306	0.0550508855514605	0.0550509	-2.51847
499	-1	6	2	0.0030303	0.055048160732217	0.0550482	-2.51851
500	4	6	2	0.0030301	0.0550463441111215	0.0550463	-2.51854
501	1	2	1	0.0030301	0.0550463441111215	0.0550463	-2.51854
502	2	6	2	0.0030299	0.0550445274300725	0.0550445	-2.51857
503	5	8	3	0.0030294	0.0550399854651144	0.05504	-2.51864
504	-1	8	3	0.003029	0.0550363516232681	0.0550364	-2.5187
505	-1	8	3	0.0030286	0.0550327175414771	0.0550327	-2.51876
506	-1	8	3	0.0030284	0.0550309004105875	0.0550309	-2.51879
507	-1	4	2	0.0030278	0.055025448657871	0.0550254	-2.51887
508	-1	6	2	0.0030269	0.0550172700158777	0.0550173	-2.519
509	8	8	2	0.0030267	0.0550154523747647	0.0550155	-2.51903
510	-1	6	2	0.0030262	0.0550109080092303	0.0550109	-2.5191
511	8	8	2	0.0030252	0.0550018181517666	0.0550018	-2.51925
512	1	6	1	0.0030239	0.0549899990907438	0.05499	-2.51943
513	7	8	2	0.0030235	0.0549863619454861	0.0549864	-2.51949
514	8	8	2	0.0030232	0.0549836339286519	0.0549836	-2.51953
515	-1	8	2	0.0030231	0.0549827245596287	0.0549827	-2.51955
516	-1	6	2	0.003023	0.0549818151755651	0.0549818	-2.51956
517	-1	6	2	0.0030226	0.054978177488891	0.0549782	-2.51962
518	7	6	2	0.0030225	0.0549772680296138	0.0549773	-2.51963
519	8	8	2	0.0030221	0.0549736300420483	0.0549736	-2.51969
520	6	6	2	0.0030221	0.0549736300420483	0.0549736	-2.51969
521	2	8	3	0.003022	0.054972720507539	0.0549727	-2.51971
522	1	4	1	0.0030218	0.0549709013933736	0.0549709	-2.51973
523	6	4	2	0.0030218	0.0549709013933736	0.0549709	-2.51973
524	8	6	2	0.0030211	0.0549645340196749	0.0549645	-2.51983
525	7	8	2	0.0030204	0.0549581659082615	0.0549582	-2.51994
526	-1	8	3	0.0030189	0.0549445174698987	0.0549445	-2.52015
527	8	6	2	0.0030186	0.0549417873753667	0.0549418	-2.52019
528	1	4	1	0.0030179	0.0549354166271632	0.0549354	-2.5203
529	-1	8	3	0.0030174	0.0549308656403665	0.0549309	-2.52037
530	2	8	3	0.003017	0.0549272245794378	0.0549272	-2.52042
531	1	6	1	0.0030163	0.0549208521419688	0.0549209	-2.52053
532	-1	6	2	0.0030162	0.0549199417333995	0.0549199	-2.52054
533	-1	8	2	0.003016	0.0549181208709839	0.0549181	-2.52057
534	3	8	2	0.0030159	0.0549172104171361	0.0549172	-2.52058
535	8	8	2	0.003015	0.0549090156531694	0.054909	-2.52071
536	-1	8	3	0.0030139	0.0548989981693655	0.054899	-2.52087
537	-1	8	3	0.0030136	0.0548962658110732	0.0548963	-2.52091
538	2	8	3	0.0030134	0.0548944441633213	0.0548944	-2.52094
539	-1	8	3	0.003013	0.0548908006864538	0.0548908	-2.521
540	3	6	2	0.0030124	0.0548853350176529	0.0548853	-2.52109
541	-1	4	2	0.0030124	0.0548853350176529	0.0548853	-2.52109
542	-1	8	2	0.0030123	0.0548844240199348	0.0548844	-2.5211
543	-1	8	3	0.0030123	0.0548844240199348	0.0548844	-2.5211
544	-1	8	2	0.0030119	0.0548807798778407	0.0548808	-2.52116
545	1	6	1	0.0030119	0.0548807798778407	0.0548808	-2.52116
546	2	8	3	0.0030108	0.0548707572391707	0.0548708	-2.52132
547	2	8	3	0.0030108	0.0548707572391707	0.0548708	-2.52132
548	-1	8	2	0.0030105	0.0548680234745157	0.054868	-2.52136
549	-1	8	2	0.0030104	0.0548671121893617	0.0548671	-2.52138
550	-1	8	3	0.0030097	0.0548607327694408	0.0548607	-2.52148
551	-1	8	3	0.0030085	0.0548497948947852	0.0548498	-2.52165
552	-1	6	2	0.0030083	0.05484797170361	0.054848	-2.52168
553	7	8	3	0.0030072	0.0548379430686455	0.0548379	-2.52184
554	-1	4	2	0.0030067	0.0548333839918712	0.0548334	-2.52191
555	-1	8	3	0.0030059	0.0548260886804813	0.0548261	-2.52203
556	8	6	2	0.0030046	0.0548142317286305	0.0548142	-2.52221
557	-1	4	2	0.0030036	0.0548051092508719	0.0548051	-2.52236
558	6	6	2	0.0030018	0.0547886849632294	0.0547887	-2.52262
559	1	4	1	0.003	0.0547722557505166	0.0547723	-2.52288
560	2	8	3	0.0029996	0.0547686041450757	0.0547686	-2.52294
561	1	4	1	0.0029971	0.0547457760927727	0.0547458	-2.5233
562	5	8	3	0.0029967	0.0547421227209906	0.0547421	-2.52336
563	1	4	1	0.0029955	0.0547311611424424	0.0547312	-2.52353
564	-1	8	3	0.0029952	0.0547284204047586	0.0547284	-2.52357
565	-1	6	2	0.0029915	0.0546946066810979	0.0546946	-2.52411
566	-1	6	2	0.0029862	0.0546461343555059	0.0546461	-2.52488
567	-1	8	3	0.0026421	0.0514013618496631	0.0514014	-2.57805
568	-1	8	3	0.0026417	0.0513974707548922	0.0513975	-2.57812
569	-1	8	3	0.0026414	0.0513945522404856	0.0513946	-2.57817
570	-1	8	2	0.0026412	0.0513926064721376	0.0513926	-2.5782
571	-1	8	3	0.0026307	0.0512903499695605	0.0512903	-2.57993
572	-1	8	3	0.0026305	0.0512884002480093	0.0512884	-2.57996
573	-1	8	3	0.0026288	0.0512718246213259	0.0512718	-2.58024
574	-1	8	2	0.0026281	0.0512649978055203	0.051265	-2.58036
575	-1	8	3	0.002628	0.0512640224719052	0.051264	-2.58037
576	-1	8	3	0.0026268	0.0512523170207943	0.0512523	-2.58057
577	-1	8	3	0.0026264	0.0512484146096248	0.0512484	-2.58064
578	-1	8	2	0.0026263	0.0512474389604007	0.0512474	-2.58066
579	-1	8	3	0.0026262	0.051246463292602	0.0512465	-2.58067
580	-1	8	3	0.0026253	0.051237681446373	0.0512377	-2.58082
581	-1	8	3	0.0026246	0.0512308500807863	0.0512309	-2.58094
582	-1	8	2	0.0026245	0.051229874097054	0.0512299	-2.58095
583	-1	8	3	0.0026227	0.0512123032092875	0.0512123	-2.58125
584	-1	8	3	0.0026223	0.0512083977488068	0.0512084	-2.58132
585	-1	8	2	0.0026196	0.0511820280958072	0.051182	-2.58177
586	-1	8	2	0.0026196	0.0511820280958072	0.051182	-2.58177
587	-1	8	3	0.0026194	0.0511800742476992	0.0511801	-2.5818
588	-1	8	3	0.0026184	0.0511703038880951	0.0511703	-2.58196
589	-1	8	3	0.0026179	0.0511654180086511	0.0511654	-2.58205
590	-1	8	2	0.0026171	0.0511575996309444	0.0511576	-2.58218
591	-1	8	2	0.0026171	0.0511575996309444	0.0511576	-2.58218
592	-1	8	3	0.0026166	0.0511527125380463	0.0511527	-2.58226
593	-1	8	3	0.0026165	0.0511517350634365	0.0511517	-2.58228
594	-1	8	2	0.0026162	0.0511488025275275	0.0511488	-2.58233
595	-1	8	3	0.0026161	0.0511478249781943	0.0511478	-2.58235
596	-1	8	3	0.002616	0.0511468474101777	0.0511468	-2.58236
597	-1	8	2	0.0026157	0.051143914594016	0.0511439	-2.58241
598	-1	8	3	0.0026156	0.0511429369512546	0.0511429	-2.58243
599	-1	8	3	0.0026148	0.051135115136274	0.0511351	-2.58256
600	-1	8	2	0.0026148	0.051135115136274	0.0511351	-2.58256
601	-1	8	2	0.0026146	0.0511331594955759	0.0511332	-2.58259
602	-1	8	2	0.0026141	0.0511282700665688	0.0511283	-2.58268
603	-1	8	3	0.002614	0.0511272921246569	0.0511273	-2.58269
604	-1	8	3	0.0026133	0.051120446007444	0.0511204	-2.58281
605	-1	8	3	0.0026128	0.0511155553623356	0.0511156	-2.58289
606	-1	8	3	0.0026126	0.0511135989732674	0.0511136	-2.58293
607	-1	8	3	0.0026125	0.0511126207506522	0.0511126	-2.58294
608	-1	8	2	0.0026122	0.0511096859704694	0.0511097	-2.58299
609	-1	8	3	0.002612	0.0511077293567226	0.0511077	-2.58303
610	-1	8	2	0.0026114	0.051101859065987	0.0511019	-2.58313
611	-1	8	3	0.0026112	0.0510999021525482	0.0510999	-2.58316
612	-1	8	2	0.002611	0.0510979451641649	0.0510979	-2.58319
613	-1	8	3	0.002611	0.0510979451641649	0.0510979	-2.58319
614	-1	8	2	0.0026109	0.0510969666418663	0.051097	-2.58321
615	-1	8	3	0.0026109	0.0510969666418663	0.051097	-2.58321
616	-1	8	3	0.0026106	0.0510940309625302	0.051094	-2.58326
617	-1	8	3	0.0026104	0.0510920737492617	0.0510921	-2.58329
618	-1	8	3	0.00261	0.0510881590977792	0.0510882	-2.58336
619	-1	8	2	0.0026098	0.0510862016595479	0.0510862	-2.58339
620	-1	8	2	0.0026096	0.0510842441463119	0.0510842	-2.58343
621	-1	8	3	0.0026096	0.0510842441463119	0.0510842	-2.58343
622	-1	8	2	0.0026096	0.0510842441463119	0.0510842	-2.58343
623	-1	8	3	0.002609	0.0510783711564885	0.0510784	-2.58353
624	-1	8	3	0.002609	0.0510783711564885	0.0510784	-2.58353
625	-1	8	2	0.002609	0.0510783711564885	0.0510784	-2.58353
626	-1	8	3	0.0026087	0.0510754344083337	0.0510754	-2.58358
627	-1	8	3	0.0026084	0.0510724974913113	0.0510725	-2.58363
628	-1	8	3	0.0026083	0.0510715184814393	0.0510715	-2.58364
629	-1	8	3	0.0026082	0.0510705394528	0.0510705	-2.58366
630	-1	8	3	0.0026081	0.0510695604053922	0.0510696	-2.58368
631	-1	8	3	0.0026078	0.0510666231505472	0.0510666	-2.58373
632	-1	8	3	0.0026076	0.0510646648867884	0.0510647	-2.58376
633	-1	8	3	0.0026075	0.0510636857267471	0.0510637	-2.58378
634	-1	8	2	0.0026075	0.0510636857267471	0.0510637	-2.58378
635	-1	8	3	0.0026074	0.0510627065479299	0.0510627	-2.58379
636	-1	8	3	0.0026072	0.0510607481339629	0.0510607	-2.58383
637	-1	8	3	0.0026072	0.0510607481339629	0.0510607	-2.58383
638	-1	8	3	0.002607	0.051058789644879	0.0510588	-2.58386
639	-1	8	3	0.0026065	0.0510538930934753	0.0510539	-2.58394
640	-1	8	3	0.0026064	0.0510529137268384	0.0510529	-2.58396
641	-1	8	3	0.0026062	0.0510509549371998	0.051051	-2.58399
642	-1	8	2	0.0026062	0.0510509549371998	0.051051	-2.58399
643	-1	8	2	0.0026061	0.0510499755141959	0.05105	-2.58401
644	-1	8	3	0.0026061	0.0510499755141959	0.05105	-2.58401
645	-1	8	3	0.0026059	0.0510480166118136	0.051048	-2.58404
646	-1	8	3	0.0026058	0.0510470371324331	0.051047	-2.58406
647	-1	8	3	0.0026058	0.0510470371324331	0.051047	-2.58406
648	-1	8	3	0.0026057	0.0510460576342581	0.0510461	-2.58408
649	-1	8	3	0.0026056	0.0510450781172877	0.0510451	-2.58409
650	-1	8	3	0.0026054	0.051043119026956	0.0510431	-2.58413
651	-1	8	3	0.0026053	0.0510421394535927	0.0510421	-2.58414
652	-1	8	2	0.0026052	0.0510411598614295	0.0510412	-2.58416
653	-1	8	3	0.002605	0.0510392006206994	0.0510392	-2.58419
654	-1	8	3	0.0026049	0.0510382209721303	0.0510382	-2.58421
655	-1	8	3	0.0026049	0.0510382209721303	0.0510382	-2.58421
656	-1	8	2	0.0026046	0.0510352819135939	0.0510353	-2.58426
657	-1	8	3	0.0026045	0.0510343021898017	0.0510343	-2.58428
658	-1	8	3	0.0026044	0.0510333224472011	0.0510333	-2.58429
659	-1	8	3	0.0026041	0.0510303831065376	0.0510304	-2.58434
660	-1	8	3	0.002604	0.0510294032886923	0.0510294	-2.58436
661	-1	8	2	0.0026039	0.0510284234520331	0.0510284	-2.58438
662	-1	8	2	0.0026038	0.0510274435965589	0.0510274	-2.58439
663	-1	8	3	0.0026037	0.0510264637222687	0.0510265	-2.58441
664	-1	8	2	0.0026037	0.0510264637222687	0.0510265	-2.58441
665	-1	8	2	0.0026036	0.0510254838291613	0.0510255	-2.58443
666	-1	8	3	0.0026035	0.0510245039172357	0.0510245	-2.58444
667	-1	8	3	0.0026035	0.0510245039172357	0.0510245	-2.58444
668	-1	8	3	0.0026034	0.0510235239864908	0.0510235	-2.58446
669	-1	8	3	0.0026032	0.0510215640685387	0.0510216	-2.58449
670	-1	8	3	0.0026032	0.0510215640685387	0.0510216	-2.58449
671	-1	8	3	0.002603	0.0510196040752964	0.0510196	-2.58453
672	-1	8	3	0.002603	0.0510196040752964	0.0510196	-2.58453
673	-1	8	3	0.0026029	0.0510186240504387	0.0510186	-2.58454
674	-1	8	2	0.0026028	0.0510176440067552	0.0510176	-2.58456
675	-1	8	3	0.0026028	0.0510176440067552	0.0510176	-2.58456
676	-1	8	2	0.0026026	0.0510156838629063	0.0510157	-2.58459
677	-1	8	2	0.0026026	0.0510156838629063	0.0510157	-2.58459
678	-1	8	2	0.0026026	0.0510156838629063	0.0510157	-2.58459
679	-1	8	3	0.0026025	0.0510147037627388	0.0510147	-2.58461
680	-1	8	2	0.0026025	0.0510147037627388	0.0510147	-2.58461
681	-1	8	3	0.0026024	0.0510137236437412	0.0510137	-2.58463
682	-1	8	3	0.0026024	0.0510137236437412	0.0510137	-2.58463
683	-1	8	3	0.0026024	0.0510137236437412	0.0510137	-2.58463
684	-1	8	2	0.0026022	0.0510117633492511	0.0510118	-2.58466
685	-1	8	2	0.0026021	0.0510107831737565	0.0510108	-2.58468
686	-1	8	3	0.0026021	0.0510107831737565	0.0510108	-2.58468
687	-1	8	3	0.0026019	0.0510088227662627	0.0510088	-2.58471
688	-1	8	3	0.0026019	0.0510088227662627	0.0510088	-2.58471
689	-1	8	2	0.0026017	0.0510068622834222	0.0510069	-2.58474
690	-1	8	3	0.0026016	0.0510058820137443	0.0510059	-2.58476
691	-1	8	3	0.0026016	0.0510058820137443	0.0510059	-2.58476
692	-1	8	2	0.0026014	0.0510039214178675	0.0510039	-2.58479
693	-1	8	2	0.0026012	0.0510019607466223	0.051002	-2.58483
694	-1	8	2	0.0026012	0.0510019607466223	0.051002	-2.58483
695	-1	8	3	0.0026012	0.0510019607466223	0.051002	-2.58483
696	-1	8	3	0.002601	0.051	0.051	-2.58486
697	-1	8	2	0.0026009	0.0509990195984197	0.050999	-2.58488
698	-1	8	3	0.0026009	0.0509990195984197	0.050999	-2.58488
699	-1	8	2	0.0026009	0.0509990195984197	0.050999	-2.58488
700	-1	8	3	0.0026007	0.0509970587387155	0.0509971	-2.58491
701	-1	8	3	0.0026007	0.0509970587387155	0.0509971	-2.58491
702	-1	8	3	0.0026007	0.0509970587387155	0.0509971	-2.58491
703	-1	8	2	0.0026005	0.0509950978036125	0.0509951	-2.58494
704	-1	8	3	0.0026003	0.0509931367931019	0.0509931	-2.58498
705	-1	8	2	0.0026001	0.0509911757071751	0.0509912	-2.58501
706	-1	8	2	0.0026001	0.0509911757071751	0.0509912	-2.58501
707	-1	8	3	0.0025998	0.0509882339368604	0.0509882	-2.58506
708	-1	8	2	0.0025996	0.0509862726623549	0.0509863	-2.58509
709	-1	8	3	0.0025994	0.0509843113124028	0.0509843	-2.58513
710	-1	8	3	0.0025993	0.0509833306091315	0.0509833	-2.58514
711	-1	8	3	0.0025992	0.0509823498869952	0.0509823	-2.58516
712	-1	8	2	0.0025992	0.0509823498869952	0.0509823	-2.58516
713	-1	8	2	0.0025991	0.0509813691459929	0.0509814	-2.58518
714	-1	8	2	0.0025989	0.0509794076073859	0.0509794	-2.58521
715	-1	8	2	0.0025989	0.0509794076073859	0.0509794	-2.58521
716	-1	8	2	0.0025987	0.0509774459933018	0.0509774	-2.58524
717	-1	8	2	0.0025985	0.0509754843037317	0.0509755	-2.58528
718	-1	8	2	0.0025984	0.0509745034306368	0.0509745	-2.58529
719	-1	8	3	0.0025984	0.0509745034306368	0.0509745	-2.58529
720	-1	8	3	0.0025984	0.0509745034306368	0.0509745	-2.58529
721	-1	8	3	0.0025982	0.0509725416278215	0.0509725	-2.58533
722	-1	8	2	0.0025982	0.0509725416278215	0.0509725	-2.58533
723	-1	8	3	0.0025978	0.0509686177956593	0.0509686	-2.58539
724	-1	8	2	0.0025977	0.0509676367904183	0.0509676	-2.58541
725	-1	8	2	0.0025977	0.0509676367904183	0.0509676	-2.58541
726	-1	8	3	0.0025976	0.0509666557662949	0.0509667	-2.58543
727	-1	8	3	0.0025976	0.0509666557662949	0.0509667	-2.58543
728	-1	8	3	0.0025976	0.0509666557662949	0.0509667	-2.58543
729	-1	8	3	0.0025976	0.0509666557662949	0.0509667	-2.58543
730	-1	8	3	0.0025975	0.050965674723288	0.0509657	-2.58544
731	-1	8	2	0.0025975	0.050965674723288	0.0509657	-2.58544
732	-1	8	2	0.0025974	0.0509646936613966	0.0509647	-2.58546
733	-1	8	3	0.0025972	0.0509627314809558	0.0509627	-2.58549
734	-1	8	3	0.002597	0.0509607692249636	0.0509608	-2.58553
735	-1	8	3	0.0025965	0.0509558632543891	0.0509559	-2.58561
736	-1	8	3	0.0025965	0.0509558632543891	0.0509559	-2.58561
737	-1	8	2	0.0025963	0.0509539007338987	0.0509539	-2.58565
738	-1	8	3	0.0025962	0.0509529194453075	0.0509529	-2.58566
739	-1	8	3	0.0025962	0.0509529194453075	0.0509529	-2.58566
740	-1	8	2	0.0025962	0.0509529194453075	0.0509529	-2.58566
741	-1	8	2	0.002596	0.050950956811428	0.050951	-2.5857
742	-1	8	3	0.002596	0.050950956811428	0.050951	-2.5857
743	-1	8	3	0.002596	0.050950956811428	0.050951	-2.5857
744	-1	8	2	0.0025959	0.0509499754661374	0.05095	-2.58571
745	-1	8	2	0.0025958	0.0509489941019447	0.050949	-2.58573
746	-1	8	3	0.0025956	0.0509470313168491	0.050947	-2.58576
747	-1	8	3	0.0025955	0.0509460498959438	0.050946	-2.58578
748	-1	8	3	0.0025953	0.0509440869974132	0.0509441	-2.58581
749	-1	8	3	0.0025953	0.0509440869974132	0.0509441	-2.58581
750	-1	8	3	0.0025953	0.0509440869974132	0.0509441	-2.58581
751	-1	8	3	0.002595	0.0509411425078001	0.0509411	-2.58586
752	-1	8	3	0.002595	0.0509411425078001	0.0509411	-2.58586
753	-1	8	2	0.0025946	0.0509372162568784	0.0509372	-2.58593
754	-1	8	3	0.0025946	0.0509372162568784	0.0509372	-2.58593
755	-1	8	3	0.0025946	0.0509372162568784	0.0509372	-2.58593
756	-1	8	2	0.0025945	0.0509362346468602	0.0509362	-2.58595
757	-1	8	3	0.0025944	0.0509352530179246	0.0509353	-2.58596
758	-1	8	3	0.0025944	0.0509352530179246	0.0509353	-2.58596
759	-1	8	3	0.0025943	0.0509342713700707	0.0509343	-2.58598
760	-1	8	2	0.0025939	0.0509303445894488	0.0509303	-2.58605
761	-1	8	3	0.0025938	0.0509293628469864	0.0509294	-2.58606
762	-1	8	3	0.0025937	0.050928381085599	0.0509284	-2.58608
763	-1	8	3	0.0025936	0.0509273993052856	0.0509274	-2.5861
764	-1	8	3	0.0025934	0.0509254356878761	0.0509254	-2.58613
765	-1	8	3	0.0025933	0.0509244538507778	0.0509245	-2.58615
766	-1	8	3	0.0025933	0.0509244538507778	0.0509245	-2.58615
767	-1	8	2	0.0025932	0.0509234719947491	0.0509235	-2.58616
768	-1	8	3	0.0025931	0.0509224901197889	0.0509225	-2.58618
769	-1	8	2	0.002593	0.0509215082258961	0.0509215	-2.5862
770	-1	8	3	0.002593	0.0509215082258961	0.0509215	-2.5862
771	-1	8	3	0.0025928	0.0509195443813081	0.0509195	-2.58623
772	-1	8	3	0.0025922	0.0509136523930468	0.0509137	-2.58633
773	-1	8	3	0.0025918	0.0509097240220373	0.0509097	-2.5864
774	-1	8	2	0.0025917	0.0509087418819204	0.0509087	-2.58642
775	-1	8	2	0.0025917	0.0509087418819204	0.0509087	-2.58642
776	-1	8	3	0.0025916	0.0509077597228556	0.0509078	-2.58643
777	-1	8	3	0.0025916	0.0509077597228556	0.0509078	-2.58643
778	-1	8	2	0.0025913	0.0509048131319623	0.0509048	-2.58648
779	-1	8	3	0.0025913	0.0509048131319623	0.0509048	-2.58648
780	-1	8	2	0.0025912	0.0509038308970946	0.0509038	-2.5865
781	-1	8	3	0.002591	0.0509018663704977	0.0509019	-2.58653
782	-1	8	3	0.0025906	0.0508979370898271	0.0508979	-2.5866
783	-1	8	3	0.0025904	0.050895972335736	0.050896	-2.58663
784	-1	8	3	0.0025904	0.050895972335736	0.050896	-2.58663
785	-1	8	2	0.0025904	0.050895972335736	0.050896	-2.58663
786	-1	8	3	0.0025904	0.050895972335736	0.050896	-2.58663
787	-1	8	3	0.0025902	0.0508940075057958	0.050894	-2.58667
788	-1	8	2	0.0025902	0.0508940075057958	0.050894	-2.58667
789	-1	8	3	0.0025902	0.0508940075057958	0.050894	-2.58667
790	-1	8	2	0.0025901	0.0508930250623796	0.050893	-2.58668
791	-1	8	3	0.0025899	0.0508910601186495	0.0508911	-2.58672
792	-1	8	3	0.0025899	0.0508910601186495	0.0508911	-2.58672
793	-1	8	3	0.0025899	0.0508910601186495	0.0508911	-2.58672
794	-1	8	3	0.0025899	0.0508910601186495	0.0508911	-2.58672
795	-1	8	3	0.0025897	0.0508890950990485	0.0508891	-2.58675
796	-1	8	3	0.0025893	0.0508851648321984	0.0508852	-2.58682
797	-1	8	3	0.0025893	0.0508851648321984	0.0508852	-2.58682
798	-1	8	3	0.0025892	0.0508841822180528	0.0508842	-2.58683
799	-1	8	2	0.0025889	0.050881234261759	0.0508812	-2.58688
800	-1	8	3	0.0025889	0.050881234261759	0.0508812	-2.58688
801	-1	8	2	0.0025887	0.0508792688626714	0.0508793	-2.58692
802	-1	8	3	0.0025887	0.0508792688626714	0.0508793	-2.58692
803	-1	8	3	0.0025885	0.05087730338766	0.0508773	-2.58695
804	-1	8	2	0.0025885	0.05087730338766	0.0508773	-2.58695
805	-1	8	2	0.0025881	0.050873372209831	0.0508734	-2.58702
806	-1	8	3	0.0025878	0.050870423627094	0.0508704	-2.58707
807	-1	8	3	0.0025877	0.0508694407282014	0.0508694	-2.58709
808	-1	8	2	0.0025877	0.0508694407282014	0.0508694	-2.58709
809	-1	8	2	0.0025876	0.050868457810317	0.0508685	-2.5871
810	-1	8	3	0.0025875	0.0508674748734395	0.0508675	-2.58712
811	-1	8	2	0.0025874	0.0508664919175679	0.0508665	-2.58714
812	-1	8	2	0.0025873	0.050865508942701	0.0508655	-2.58715
813	-1	8	3	0.002587	0.0508625599041181	0.0508626	-2.5872
814	-1	8	2	0.0025869	0.0508615768532593	0.0508616	-2.58722
815	-1	8	2	0.0025868	0.0508605937833997	0.0508606	-2.58724
816	-1	8	3	0.0025867	0.0508596106945383	0.0508596	-2.58725
817	-1	8	3	0.0025865	0.0508576444598056	0.0508576	-2.58729
818	-1	8	2	0.0025862	0.0508546949651652	0.0508547	-2.58734
819	-1	8	2	0.0025862	0.0508546949651652	0.0508547	-2.58734
820	-1	8	2	0.0025861	0.0508537117622696	0.0508537	-2.58735
821	-1	8	3	0.002586	0.0508527285403645	0.0508527	-2.58737
822	-1	8	2	0.0025859	0.0508517452994487	0.0508517	-2.58739
823	-1	8	3	0.0025857	0.0508497787605807	0.0508498	-2.58742
824	-1	8	3	0.0025857	0.0508497787605807	0.0508498	-2.58742
825	-1	8	2	0.0025852	0.0508448620806469	0.0508449	-2.58751
826	-1	8	3	0.0025852	0.0508448620806469	0.0508449	-2.58751
827	-1	8	2	0.0025852	0.0508448620806469	0.0508449	-2.58751
828	-1	8	3	0.0025851	0.050843878687606	0.0508439	-2.58752
829	-1	8	3	0.002585	0.0508428952755446	0.0508429	-2.58754
830	-1	8	2	0.0025848	0.0508409283943557	0.0508409	-2.58757
831	-1	8	2	0.0025846	0.0508389614370711	0.050839	-2.58761
832	-1	8	2	0.0025845	0.0508379779298902	0.050838	-2.58762
833	-1	8	3	0.0025845	0.0508379779298902	0.050838	-2.58762
834	-1	8	2	0.0025845	0.0508379779298902	0.050838	-2.58762
835	-1	8	2	0.0025842	0.0508350272941797	0.050835	-2.58767
836	-1	8	3	0.0025842	0.0508350272941797	0.050835	-2.58767
837	-1	8	2	0.0025842	0.0508350272941797	0.050835	-2.58767
838	-1	8	2	0.0025841	0.0508340437108834	0.050834	-2.58769
839	-1	8	3	0.0025839	0.0508320764871946	0.0508321	-2.58772
840	-1	8	2	0.0025839	0.0508320764871946	0.0508321	-2.58772
841	-1	8	3	0.0025835	0.0508281418114021	0.0508281	-2.58779
842	-1	8	3	0.0025834	0.0508271580948611	0.0508272	-2.58781
843	-1	8	3	0.0025832	0.0508251906046598	0.0508252	-2.58784
844	-1	8	3	0.0025831	0.0508242068309974	0.0508242	-2.58786
845	-1	8	3	0.002583	0.0508232230382922	0.0508232	-2.58788
846	-1	8	3	0.0025828	0.0508212553957495	0.0508213	-2.58791
847	-1	8	3	0.0025828	0.0508212553957495	0.0508213	-2.58791
848	-1	8	3	0.0025828	0.0508212553957495	0.0508213	-2.58791
849	-1	8	2	0.0025826	0.0508192876770228	0.0508193	-2.58794
850	-1	8	2	0.0025826	0.0508192876770228	0.0508193	-2.58794
851	-1	8	2	0.0025825	0.0508183037890877	0.0508183	-2.58796
852	-1	8	3	0.0025824	0.0508173198821032	0.0508173	-2.58798
853	-1	8	2	0.0025823	0.0508163359560683	0.0508163	-2.58799
854	-1	8	3	0.0025819	0.0508124000614023	0.0508124	-2.58806
855	-1	8	2	0.0025818	0.0508114160400987	0.0508114	-2.58808
856	-1	8	3	0.0025818	0.0508114160400987	0.0508114	-2.58808
857	-1	8	3	0.0025817	0.050810431999738	0.0508104	-2.58809
858	-1	8	3	0.0025816	0.0508094479403191	0.0508094	-2.58811
859	-1	8	3	0.0025816	0.0508094479403191	0.0508094	-2.58811
860	-1	8	3	0.0025812	0.0508055115120397	0.0508055	-2.58818
861	-1	8	2	0.0025811	0.0508045273573133	0.0508045	-2.5882
862	-1	8	3	0.0025809	0.050802558990665	0.0508026	-2.58823
863	-1	8	3	0.0025809	0.050802558990665	0.0508026	-2.58823
864	-1	8	3	0.0025806	0.050799606297687	0.0507996	-2.58828
865	-1	8	2	0.0025805	0.0507986220285551	0.0507986	-2.5883
866	-1	8	3	0.0025805	0.0507986220285551	0.0507986	-2.5883
867	-1	8	2	0.0025804	0.0507976377403517	0.0507976	-2.58831
868	-1	8	3	0.00258	0.0507937003968012	0.0507937	-2.58838
869	-1	8	2	0.0025799	0.0507927160132238	0.0507927	-2.5884
870	-1	8	2	0.0025797	0.0507907471888335	0.0507907	-2.58843
871	-1	8	2	0.0025796	0.0507897627480184	0.0507898	-2.58845
872	-1	8	2	0.0025794	0.0507877938091428	0.0507878	-2.58848
873	-1	8	2	0.0025792	0.0507858247939324	0.0507858	-2.58851
874	-1	8	3	0.002579	0.0507838557023785	0.0507839	-2.58855
875	-1	8	2	0.0025789	0.0507828711279699	0.0507829	-2.58857
876	-1	8	2	0.0025788	0.0507818865344721	0.0507819	-2.58858
877	-1	8	3	0.0025788	0.0507818865344721	0.0507819	-2.58858
878	-1	8	2	0.0025787	0.050780901921884	0.0507809	-2.5886
879	-1	8	3	0.0025787	0.050780901921884	0.0507809	-2.5886
880	-1	8	3	0.0025786	0.0507799172902044	0.0507799	-2.58862
881	-1	8	2	0.0025782	0.0507759785725494	0.050776	-2.58868
882	-1	8	2	0.0025778	0.0507720395493425	0.050772	-2.58875
883	-1	8	3	0.0025774	0.0507681002205125	0.0507681	-2.58882
884	-1	8	2	0.002577	0.0507641605859882	0.0507642	-2.58889
885	-1	8	2	0.0025769	0.0507631756295841	0.0507632	-2.5889
886	-1	8	2	0.0025768	0.0507621906540685	0.0507622	-2.58892
887	-1	8	3	0.0025768	0.0507621906540685	0.0507622	-2.58892
888	-1	8	2	0.0025768	0.0507621906540685	0.0507622	-2.58892
889	-1	8	3	0.0025767	0.0507612056594404	0.0507612	-2.58894
890	-1	8	3	0.0025766	0.0507602206456985	0.0507602	-2.58895
891	-1	8	2	0.0025761	0.0507552952902453	0.0507553	-2.58904
892	-1	8	3	0.0025758	0.0507523398475381	0.0507523	-2.58909
893	-1	8	3	0.0025758	0.0507523398475381	0.0507523	-2.58909
894	-1	8	2	0.0025753	0.0507474137272039	0.0507474	-2.58917
895	-1	8	2	0.0025752	0.0507464284457537	0.0507464	-2.58919
896	-1	8	2	0.0025751	0.0507454431451731	0.0507454	-2.58921
897	-1	8	2	0.0025751	0.0507454431451731	0.0507454	-2.58921
898	-1	8	2	0.0025748	0.0507424871286381	0.0507425	-2.58926
899	-1	8	2	0.0025747	0.0507415017515249	0.0507415	-2.58927
900	-1	8	3	0.0025746	0.0507405163552757	0.0507405	-2.58929
901	-1	8	3	0.0025745	0.0507395309398895	0.0507395	-2.58931
902	-1	8	3	0.0025743	0.0507375600517013	0.0507376	-2.58934
903	-1	8	3	0.0025742	0.0507365745788972	0.0507366	-2.58936
904	-1	8	3	0.002574	0.0507346035758633	0.0507346	-2.58939
905	-1	8	3	0.0025737	0.0507316469277314	0.0507316	-2.58944
906	-1	8	3	0.0025736	0.0507306613400614	0.0507307	-2.58946
907	-1	8	2	0.0025734	0.0507286901072756	0.0507287	-2.58949
908	-1	8	2	0.0025734	0.0507286901072756	0.0507287	-2.58949
909	-1	8	2	0.0025728	0.0507227759492715	0.0507228	-2.58959
910	-1	8	3	0.002572	0.0507148893324239	0.0507149	-2.58973
911	-1	8	2	0.0025716	0.0507109455640496	0.0507109	-2.5898
912	-1	8	2	0.0025712	0.0507070014889463	0.050707	-2.58986
913	-1	8	2	0.0025709	0.0507040432312848	0.050704	-2.58991
914	-1	8	2	0.0025708	0.0507030571070424	0.0507031	-2.58993
915	-1	8	2	0.0025705	0.0507000986192335	0.0507001	-2.58998
916	-1	8	3	0.0025703	0.0506981261981151	0.0506981	-2.59002
917	-1	8	2	0.0025703	0.0506981261981151	0.0506981	-2.59002
918	-1	8	2	0.0025701	0.0506961537002562	0.0506962	-2.59005
919	-1	8	3	0.0025697	0.0506922084742813	0.0506922	-2.59012
920	-1	8	3	0.0025696	0.0506912221198108	0.0506912	-2.59013
921	-1	8	3	0.0025692	0.0506872765099882	0.0506873	-2.5902
922	-1	8	2	0.0025687	0.0506823440657592	0.0506823	-2.59029
923	-1	8	2	0.0025684	0.0506793843687944	0.0506794	-2.59034
924	-1	8	2	0.0025673	0.0506685306674666	0.0506685	-2.59052
925	-1	8	3	0.0025672	0.0506675438520558	0.0506675	-2.59054
926	-1	8	2	0.0025662	0.0506576746406702	0.0506577	-2.59071
927	-1	8	2	0.0025658	0.0506537264177079	0.0506537	-2.59078
928	-1	8	2	0.0025653	0.0506487907061955	0.0506488	-2.59086
929	-1	8	2	0.0025652	0.0506478035061739	0.0506478	-2.59088
930	-1	8	2	0.0025636	0.0506320056881021	0.050632	-2.59115
931	-1	8	3	0.0025635	0.0506310181608073	0.050631	-2.59117
932	-1	8	3	0.0025628	0.050624104930359	0.0506241	-2.59129
933	-1	8	2	0.0025617	0.0506132393746933	0.0506132	-2.59147
934	-1	8	2	0.0025606	0.0506023714859294	0.0506024	-2.59166
935	-1	8	3	0.002559	0.050586559479767	0.0505866	-2.59193
936	-1	8	3	0.0025554	0.0505509643824922	0.050551	-2.59254
937	-1	8	2	0.0025535	0.0505321679724906	0.0505322	-2.59286
938	-1	8	3	0.0025524	0.0505212826440501	0.0505213	-2.59305
939	-1	8	2	0.0025514	0.0505113848552977	0.0505114	-2.59322
940	-1	8	3	0.00255	0.0504975246918104	0.0504975	-2.59346
941	-1	8	3	0.0025491	0.0504886125774912	0.0504886	-2.59361
942	-1	8	3	0.0025488	0.0504856415231103	0.0504856	-2.59366
943	-1	8	3	0.0025469	0.0504668207835604	0.0504668	-2.59399
944	-1	8	2	0.0025466	0.0504638484461897	0.0504638	-2.59404
