ID	cluster	dist_rf	dist_spr	PP	sqrt(PP)	sqrt_size	log_size	uniq_id
0	1	0	0	0.0448417	0.211758588963943	0.211759	-1.34832	18
1	2	4	2	0.0448198	0.211706872821834	0.211707	-1.34853	60
2	1	2	1	0.044806	0.211674278078372	0.211674	-1.34866	32
3	3	4	2	0.044781	0.211615216844158	0.211615	-1.34891	74
4	1	2	1	0.0447805	0.211614035451338	0.211614	-1.34891	53
5	1	4	1	0.0447746	0.211600094517937	0.2116	-1.34897	81
6	1	2	1	0.044774	0.211598676744445	0.211599	-1.34897	88
7	1	4	1	0.044766	0.211579772190065	0.21158	-1.34905	46
8	1	4	1	0.0447619	0.211570082951253	0.21157	-1.34909	102
9	2	4	2	0.044744	0.211527775953892	0.211528	-1.34927	39
10	1	2	1	0.0447324	0.211500354609632	0.2115	-1.34938	11
11	1	4	1	0.0447164	0.211462526231009	0.211463	-1.34953	25
12	3	6	3	0.0446994	0.211422326162589	0.211422	-1.3497	70
13	1	4	1	0.044681	0.211378806884702	0.211379	-1.34988	4
14	4	6	2	0.0446585	0.211325578196299	0.211326	-1.3501	5
15	5	6	3	0.0446351	0.21127020613423	0.21127	-1.35032	35
16	1	4	1	0.0446318	0.211262396086005	0.211262	-1.35036	95
17	2	4	2	0.0445909	0.211165574845901	0.211166	-1.35075	67
18	4	6	2	0.0445888	0.211160602385956	0.211161	-1.35077	0
19	3	6	3	0.0445721	0.211121055321349	0.211121	-1.35094	75
20	4	6	3	0.0445716	0.21111987116328	0.21112	-1.35094	40
21	6	6	2	0.0010107	0.0317915083001735	0.0317915	-2.99538	64
22	2	6	2	0.00100944	0.0317716855076969	0.0317717	-2.99592	62
23	6	6	2	0.00100648	0.0317250689518557	0.0317251	-2.99719	92
24	7	6	2	0.00100596	0.0317168724813781	0.0317169	-2.99742	90
25	6	6	2	0.0010058	0.0317143500642848	0.0317144	-2.99749	22
26	1	6	1	0.00100554	0.0317102507085643	0.0317103	-2.9976	23
27	2	6	2	0.0010034	0.0316764897045111	0.0316765	-2.99853	45
28	1	6	1	0.0010033	0.0316749112074525	0.0316749	-2.99857	14
29	2	6	2	0.00100286	0.0316679648856696	0.031668	-2.99876	58
30	3	6	2	0.0010017	0.031649644547767	0.0316496	-2.99926	72
31	8	6	2	0.00100134	0.0316439567690262	0.031644	-2.99942	100
32	3	6	2	0.00100046	0.0316300490040721	0.03163	-2.9998	84
33	4	6	2	0.00100044	0.0316297328474333	0.0316297	-2.99981	7
34	2	6	2	0.00100018	0.0316256225235172	0.0316256	-2.99992	66
35	3	6	2	0.0010001	0.0316243577009874	0.0316244	-2.99996	91
36	2	6	2	0.00099984	0.0316202466783547	0.0316202	-3.00007	57
37	-1	6	2	0.00099964	0.0316170839895143	0.0316171	-3.00016	10
38	3	6	2	0.00099936	0.0316126556935668	0.0316127	-3.00028	73
39	-1	6	2	0.00099884	0.0316044300692166	0.0316044	-3.0005	48
40	6	6	2	0.00099824	0.0315949363031483	0.0315949	-3.00077	50
41	-1	4	2	0.00099744	0.031582273509043	0.0315823	-3.00111	13
42	7	6	2	0.00099722	0.0315787903504868	0.0315788	-3.00121	87
43	-1	6	2	0.00099624	0.0315632697925928	0.0315633	-3.00164	80
44	-1	6	2	0.0009961	0.0315610519469805	0.0315611	-3.0017	44
45	2	6	2	0.0009957	0.0315547143862847	0.0315547	-3.00187	52
46	1	6	1	0.00099542	0.0315502773363405	0.0315503	-3.00199	2
47	2	6	3	0.0009954	0.0315499603803238	0.03155	-3.002	56
48	8	6	2	0.00099506	0.0315445716407752	0.0315446	-3.00215	101
49	1	4	1	0.00099498	0.0315433035682694	0.0315433	-3.00219	9
50	1	4	1	0.0009947	0.0315388649129927	0.0315389	-3.00231	20
51	7	6	2	0.00099462	0.0315375966110292	0.0315376	-3.00234	93
52	1	4	1	0.00099444	0.0315347427451058	0.0315347	-3.00242	15
53	7	6	2	0.00099438	0.031533791399069	0.0315338	-3.00245	85
54	7	6	2	0.00099424	0.0315315714800262	0.0315316	-3.00251	97
55	5	6	2	0.00099384	0.0315252279928314	0.0315252	-3.00268	42
56	4	6	2	0.00099358	0.0315211040415782	0.0315211	-3.0028	1
57	-1	4	2	0.00099144	0.0314871402321646	0.0314871	-3.00373	29
58	1	6	1	0.00099062	0.0314741163497881	0.0314741	-3.00409	17
59	5	6	2	0.00098798	0.0314321491470119	0.0314321	-3.00525	36
60	2	6	3	0.00098788	0.0314305583787498	0.0314306	-3.0053	38
61	8	6	2	0.00098526	0.0313888515240682	0.0313889	-3.00645	79
62	1	4	1	0.0009843	0.0313735557436514	0.0313736	-3.00687	30
63	3	6	2	0.00046272	0.021510927455598	0.0215109	-3.33468	26
64	2	4	2	0.00046176	0.0214886016297013	0.0214886	-3.33558	86
65	4	6	2	0.00046168	0.0214867400970924	0.0214867	-3.33566	27
66	5	6	2	0.00046006	0.0214490093011309	0.021449	-3.33719	99
67	3	6	2	0.00045986	0.0214443465743305	0.0214443	-3.33737	76
68	4	6	2	0.00045986	0.0214443465743305	0.0214443	-3.33737	21
69	3	6	2	0.00045972	0.0214410820622468	0.0214411	-3.33751	103
70	5	6	3	0.00045906	0.0214256855199548	0.0214257	-3.33813	63
71	3	6	2	0.00045898	0.0214238185205159	0.0214238	-3.33821	77
72	4	6	2	0.00045898	0.0214238185205159	0.0214238	-3.33821	55
73	3	6	2	0.00045866	0.0214163488951782	0.0214163	-3.33851	24
74	2	6	2	0.00045836	0.0214093437545386	0.0214093	-3.33879	47
75	4	6	2	0.00045776	0.0213953265925061	0.0213953	-3.33936	37
76	3	4	2	0.00045712	0.0213803648238284	0.0213804	-3.33997	51
77	3	6	2	0.00045688	0.0213747514605433	0.0213748	-3.3402	82
78	1	6	1	0.00045682	0.0213733478893691	0.0213733	-3.34025	94
79	2	6	2	0.00045678	0.0213724121240444	0.0213724	-3.34029	43
80	1	4	1	0.00045672	0.021371008399231	0.021371	-3.34035	12
81	3	6	2	0.00045668	0.0213700725314632	0.0213701	-3.34039	98
82	4	6	2	0.00045632	0.0213616478765099	0.0213616	-3.34073	83
83	1	6	1	0.00045624	0.0213597752797168	0.0213598	-3.34081	96
84	4	6	3	0.00045604	0.0213550930693359	0.0213551	-3.341	41
85	1	2	1	0.00045594	0.0213527515791291	0.0213528	-3.34109	19
86	2	6	2	0.00045584	0.021350409832132	0.0213504	-3.34119	59
87	4	6	2	0.0004558	0.021349473061413	0.0213495	-3.34123	68
88	5	6	2	0.00045576	0.0213485362495886	0.0213485	-3.34126	65
89	3	4	2	0.00045572	0.0213475993966535	0.0213476	-3.3413	54
90	3	6	2	0.00045548	0.021341977415413	0.021342	-3.34153	71
91	2	6	2	0.00045538	0.0213396344860918	0.0213396	-3.34163	61
92	1	2	1	0.00045518	0.0213349478555726	0.0213349	-3.34182	16
93	4	6	2	0.0004548	0.0213260404201061	0.021326	-3.34218	31
94	3	6	2	0.00045472	0.0213241646964189	0.0213242	-3.34226	104
95	4	4	2	0.00045444	0.0213175983637932	0.0213176	-3.34252	34
96	4	6	2	0.0004544	0.0213166601511588	0.0213167	-3.34256	3
97	5	6	2	0.00045388	0.0213044596270358	0.0213045	-3.34306	49
98	3	6	2	0.00045388	0.0213044596270358	0.0213045	-3.34306	78
99	4	6	2	0.00045374	0.0213011736765841	0.0213012	-3.34319	28
100	5	6	2	0.00045322	0.0212889642772963	0.021289	-3.34369	69
101	5	4	2	0.00045258	0.0212739277050572	0.0212739	-3.3443	33
102	2	4	2	0.00045142	0.0212466467942591	0.0212466	-3.34542	89
103	1	4	1	0.00044976	0.0212075458268985	0.0212075	-3.34702	8
104	4	6	2	0.00044882	0.0211853723120459	0.0211854	-3.34793	6
