ID	cluster	dist_rf	dist_spr	PP	sqrt(PP)	sqrt_size	log_size	uniq_id
0	1	0	0	0.0120932	0.109969086565271	0.109969	-1.91746	321
1	1	2	1	0.012086	0.109936345218495	0.109936	-1.91772	636
2	1	4	1	0.0120805	0.109911327896628	0.109911	-1.91792	367
3	2	4	2	0.0120794	0.109906323748909	0.109906	-1.91795	366
4	3	8	3	0.0120784	0.109901774325986	0.109902	-1.91799	420
5	2	6	3	0.0120681	0.109854904305634	0.109855	-1.91836	681
6	1	2	1	0.0120601	0.109818486604032	0.109818	-1.91865	319
7	4	6	2	0.0120596	0.109816210096688	0.109816	-1.91867	45
8	3	8	3	0.0120549	0.109794808620444	0.109795	-1.91884	546
9	4	6	2	0.012054	0.109790709989507	0.109791	-1.91887	49
10	3	8	3	0.0120527	0.109784789474681	0.109785	-1.91892	735
11	5	6	2	0.0120523	0.109782967713576	0.109783	-1.91893	679
12	4	6	2	0.0120463	0.109755637668413	0.109756	-1.91915	675
13	1	4	1	0.0120458	0.109753359857455	0.109753	-1.91916	358
14	1	4	1	0.0120448	0.109748804093712	0.109749	-1.9192	364
15	1	2	1	0.0120441	0.109745614946566	0.109746	-1.91923	322
16	6	8	2	0.0120411	0.109731946123269	0.109732	-1.91933	922
17	2	4	2	0.012041	0.109731490466502	0.109731	-1.91934	365
18	1	4	1	0.0120356	0.109706882190681	0.109707	-1.91953	355
19	2	6	3	0.0120339	0.109699133998405	0.109699	-1.91959	51
20	6	8	3	0.0120331	0.109695487600904	0.109695	-1.91962	924
21	3	8	4	0.0120327	0.109693664356698	0.109694	-1.91964	861
22	5	4	2	0.0120288	0.109675886137291	0.109676	-1.91978	630
23	4	6	2	0.0120276	0.109670415336133	0.10967	-1.91982	52
24	1	2	1	0.0120243	0.109655369225588	0.109655	-1.91994	320
25	1	4	1	0.0120238	0.109653089331765	0.109653	-1.91996	351
26	3	4	2	0.0120231	0.109649897400773	0.10965	-1.91998	357
27	5	6	3	0.012023	0.109649441403046	0.109649	-1.91999	672
28	7	4	2	0.0120228	0.109648529401903	0.109649	-1.91999	635
29	4	6	3	0.0120138	0.109607481496474	0.109607	-1.92032	42
30	3	6	3	0.012013	0.109603832049796	0.109604	-1.92035	483
31	5	4	2	0.012011	0.109594707901431	0.109595	-1.92042	634
32	5	4	2	0.012006	0.109571894206498	0.109572	-1.9206	637
33	6	8	3	0.0120007	0.109547706502692	0.109548	-1.92079	796
34	6	8	3	0.0120006	0.109547250079589	0.109547	-1.9208	166
35	5	6	2	0.011998	0.109535382411347	0.109535	-1.92089	682
36	6	6	2	0.0119967	0.109529448095021	0.109529	-1.92094	481
37	8	8	3	0.0119962	0.109527165580051	0.109527	-1.92096	103
38	5	6	2	0.0119949	0.109521230818504	0.109521	-1.921	666
39	3	8	4	0.0119907	0.109502054775242	0.109502	-1.92116	105
40	4	6	3	0.0119903	0.109500228310264	0.1095	-1.92117	50
41	4	6	2	0.0119888	0.10949337879525	0.109493	-1.92122	43
42	4	4	2	0.0119877	0.109488355545236	0.109488	-1.92126	5
43	-1	4	2	0.0119851	0.109476481492602	0.109476	-1.92136	4
44	-1	8	3	0.0119843	0.109472827678835	0.109473	-1.92139	797
45	6	6	2	0.0119825	0.109464606151943	0.109465	-1.92145	40
46	-1	4	2	0.0119794	0.109450445407956	0.10945	-1.92156	7
47	5	6	3	0.0119786	0.109446790724991	0.109447	-1.92159	680
48	6	8	2	0.0119761	0.109435369054068	0.109435	-1.92168	733
49	6	8	2	0.0119702	0.109408409183207	0.109408	-1.9219	229
50	4	6	2	0.0119689	0.109402467979475	0.109402	-1.92195	36
51	8	6	2	0.0119677	0.109396983505031	0.109397	-1.92199	607
52	5	6	2	0.0119656	0.109387385013081	0.109387	-1.92207	670
53	-1	6	2	0.011965	0.109384642432107	0.109385	-1.92209	673
54	3	6	3	0.0119648	0.109383728223169	0.109384	-1.92209	609
55	6	8	2	0.0119619	0.109370471334817	0.10937	-1.9222	544
56	3	8	3	0.0119608	0.109365442439557	0.109365	-1.92224	419
57	1	2	1	0.0119588	0.109356298401144	0.109356	-1.92231	315
58	1	2	1	0.0119569	0.109347610856388	0.109348	-1.92238	6
59	8	8	4	0.0119514	0.109322458808792	0.109322	-1.92258	104
60	3	8	3	0.0119512	0.109321544079838	0.109322	-1.92259	231
61	6	8	3	0.0119464	0.109299588288337	0.1093	-1.92276	859
62	-1	6	3	0.011946	0.109297758439961	0.109298	-1.92278	482
63	1	4	1	0.0119455	0.109295471086409	0.109295	-1.9228	360
64	3	8	3	0.0119428	0.109283118549939	0.109283	-1.92289	294
65	-1	6	3	0.0119389	0.109265273531896	0.109265	-1.92304	608
66	-1	8	3	0.0119343	0.109244221815161	0.109244	-1.9232	293
67	6	8	3	0.0119328	0.10923735624776	0.109237	-1.92326	923
68	-1	8	4	0.0119319	0.109233236700191	0.109233	-1.92329	860
69	4	4	2	0.0119312	0.109230032500224	0.10923	-1.92332	0
70	3	8	2	0.0119296	0.109222708261606	0.109223	-1.92337	418
71	3	8	4	0.0119258	0.109205311226149	0.109205	-1.92351	168
72	-1	6	3	0.0119229	0.109192032676382	0.109192	-1.92362	41
73	8	8	2	0.0119199	0.109178294546123	0.109178	-1.92373	292
74	-1	8	3	0.0119189	0.109173714785199	0.109174	-1.92376	734
75	-1	8	3	0.0119157	0.109159058259038	0.109159	-1.92388	230
76	-1	8	3	0.0119125	0.109144399764715	0.109144	-1.924	545
77	5	6	3	0.0119109	0.109137069779246	0.109137	-1.92406	671
78	-1	8	4	0.0119024	0.109098120973736	0.109098	-1.92437	798
79	-1	8	3	0.0118988	0.109081620816708	0.109082	-1.9245	167
80	2	4	2	0.0118732	0.108964214309102	0.108964	-1.92543	356
81	-1	6	2	7.764e-05	0.00881135630876428	0.00881136	-4.10991	628
82	-1	6	2	7.692e-05	0.00877040477971228	0.0087704	-4.11396	1
83	-1	8	3	7.624e-05	0.00873155198117723	0.00873155	-4.11782	73
84	-1	8	3	7.62e-05	0.00872926113711808	0.00872926	-4.11805	795
85	1	6	1	7.604e-05	0.00872009174263666	0.00872009	-4.11896	890
86	-1	8	3	7.592e-05	0.00871320836431679	0.00871321	-4.11964	25
87	-1	6	2	7.582e-05	0.00870746805908583	0.00870747	-4.12022	694
88	-1	8	4	7.58e-05	0.00870631954387157	0.00870632	-4.12033	150
89	7	8	2	7.576e-05	0.00870402205879558	0.00870402	-4.12056	657
90	6	8	2	7.546e-05	0.0086867715521936	0.00868677	-4.12228	944
91	4	8	2	7.536e-05	0.00868101376568428	0.00868101	-4.12286	18
92	5	6	2	7.534e-05	0.00867986175005109	0.00867986	-4.12297	497
93	1	8	1	7.534e-05	0.00867986175005109	0.00867986	-4.12297	899
94	-1	8	2	7.52e-05	0.00867179335547152	0.00867179	-4.12378	647
95	4	6	2	7.512e-05	0.00866717947200818	0.00866718	-4.12424	495
96	8	8	3	7.494e-05	0.00865678924313166	0.00865679	-4.12529	173
97	2	6	2	7.466e-05	0.00864060183089118	0.0086406	-4.12691	376
98	-1	6	2	7.464e-05	0.00863944442658207	0.00863944	-4.12703	585
99	7	6	2	7.46e-05	0.00863712915267567	0.00863713	-4.12726	761
100	1	6	1	7.456e-05	0.00863481325796916	0.00863481	-4.12749	883
101	3	8	3	7.452e-05	0.0086324967419629	0.0086325	-4.12773	436
102	-1	4	2	7.45e-05	0.00863133825081603	0.00863134	-4.12784	762
103	2	8	3	7.45e-05	0.00863133825081603	0.00863134	-4.12784	60
104	2	6	2	7.448e-05	0.00863017960415657	0.00863018	-4.12796	341
105	6	8	3	7.446e-05	0.00862902080192185	0.00862902	-4.12808	921
106	5	6	3	7.444e-05	0.0086278618440492	0.00862786	-4.12819	819
107	-1	8	2	7.434e-05	0.00862206471791995	0.00862206	-4.12878	943
108	5	8	2	7.416e-05	0.00861162005664439	0.00861162	-4.12983	748
109	-1	8	3	7.414e-05	0.0086104587566517	0.00861046	-4.12995	563
110	-1	8	3	7.396e-05	0.0086	0.0086	-4.131	289
111	1	8	1	7.394e-05	0.00859883713068227	0.00859884	-4.13112	286
112	7	6	3	7.394e-05	0.00859883713068227	0.00859884	-4.13112	824
113	-1	8	3	7.392e-05	0.00859767410408187	0.00859767	-4.13124	792
114	-1	8	2	7.39e-05	0.00859651092013498	0.00859651	-4.13136	690
115	2	6	3	7.378e-05	0.00858952850859696	0.00858953	-4.13206	465
116	-1	6	2	7.366e-05	0.00858254041645013	0.00858254	-4.13277	700
117	-1	8	3	7.36e-05	0.00857904423581089	0.00857904	-4.13312	703
118	-1	8	3	7.358e-05	0.00857787852560294	0.00857788	-4.13324	37
119	-1	8	3	7.358e-05	0.00857787852560294	0.00857788	-4.13324	842
120	-1	6	2	7.354e-05	0.00857554662980734	0.00857555	-4.13348	459
121	2	8	3	7.354e-05	0.00857554662980734	0.00857555	-4.13348	685
122	-1	8	2	7.35e-05	0.00857321409974112	0.00857321	-4.13371	934
123	-1	6	2	7.348e-05	0.00857204759669474	0.00857205	-4.13383	889
124	-1	8	3	7.334e-05	0.00856387762640266	0.00856388	-4.13466	33
125	2	8	3	7.334e-05	0.00856387762640266	0.00856388	-4.13466	933
126	6	8	3	7.33e-05	0.0085615419172016	0.00856154	-4.1349	913
127	-1	8	3	7.328e-05	0.00856037382361308	0.00856037	-4.13501	787
128	2	6	2	7.328e-05	0.00856037382361308	0.00856037	-4.13501	339
129	5	6	2	7.312e-05	0.00855102333057278	0.00855102	-4.13596	756
130	-1	8	3	7.304e-05	0.0085463442476886	0.00854634	-4.13644	162
131	-1	8	3	7.304e-05	0.0085463442476886	0.00854634	-4.13644	781
132	-1	8	3	7.296e-05	0.00854166260162505	0.00854166	-4.13692	22
133	-1	8	3	7.292e-05	0.00853932081608368	0.00853932	-4.13715	732
134	2	8	2	7.292e-05	0.00853932081608368	0.00853932	-4.13715	363
135	-1	8	3	7.29e-05	0.00853814968245462	0.00853815	-4.13727	800
136	-1	8	3	7.288e-05	0.00853697838816522	0.00853698	-4.13739	793
137	-1	6	3	7.288e-05	0.00853697838816522	0.00853698	-4.13739	130
138	2	8	2	7.284e-05	0.00853463531734075	0.00853464	-4.13763	349
139	-1	8	3	7.284e-05	0.00853463531734075	0.00853464	-4.13763	655
140	-1	8	3	7.282e-05	0.00853346354067327	0.00853346	-4.13775	226
141	-1	8	3	7.282e-05	0.00853346354067327	0.00853346	-4.13775	788
142	-1	8	3	7.28e-05	0.00853229160308062	0.00853229	-4.13787	122
143	4	8	2	7.28e-05	0.00853229160308062	0.00853229	-4.13787	243
144	6	8	2	7.278e-05	0.00853111950449646	0.00853112	-4.13799	807
145	-1	8	3	7.276e-05	0.00852994724485445	0.00852995	-4.13811	776
146	-1	8	3	7.274e-05	0.00852877482408816	0.00852877	-4.13823	708
147	-1	4	2	7.272e-05	0.00852760224213114	0.0085276	-4.13835	69
148	-1	8	3	7.27e-05	0.00852642949891688	0.00852643	-4.13847	856
149	-1	6	2	7.27e-05	0.00852642949891688	0.00852643	-4.13847	467
150	-1	8	3	7.27e-05	0.00852642949891688	0.00852643	-4.13847	855
151	3	8	3	7.268e-05	0.00852525659437884	0.00852526	-4.13859	422
152	-1	8	3	7.264e-05	0.00852291030106501	0.00852291	-4.13882	290
153	3	8	3	7.262e-05	0.00852173691215588	0.00852174	-4.13894	151
154	-1	6	2	7.26e-05	0.00852056336165632	0.00852056	-4.13906	375
155	1	4	1	7.258e-05	0.00851938964949955	0.00851939	-4.13918	510
156	-1	8	3	7.258e-05	0.00851938964949955	0.00851939	-4.13918	115
157	-1	8	2	7.256e-05	0.00851821577561874	0.00851822	-4.1393	936
158	-1	8	3	7.256e-05	0.00851821577561874	0.00851822	-4.1393	158
159	2	8	3	7.254e-05	0.00851704173994703	0.00851704	-4.13942	249
160	-1	8	3	7.254e-05	0.00851704173994703	0.00851704	-4.13942	212
161	4	8	2	7.254e-05	0.00851704173994703	0.00851704	-4.13942	747
162	4	8	3	7.252e-05	0.00851586754241751	0.00851587	-4.13954	47
163	8	8	3	7.244e-05	0.00851116913238129	0.00851117	-4.14002	101
164	-1	8	3	7.242e-05	0.00850999412455731	0.00850999	-4.14014	769
165	-1	8	2	7.24e-05	0.00850881895447306	0.00850882	-4.14026	347
166	3	8	3	7.238e-05	0.00850764362206128	0.00850764	-4.14038	416
167	-1	8	2	7.238e-05	0.00850764362206128	0.00850764	-4.14038	702
168	7	8	3	7.238e-05	0.00850764362206128	0.00850764	-4.14038	662
169	2	6	3	7.236e-05	0.00850646812725469	0.00850647	-4.1405	618
170	8	8	3	7.232e-05	0.00850411665018772	0.00850412	-4.14074	140
171	1	8	1	7.228e-05	0.00850176452273291	0.00850176	-4.14098	342
172	8	8	2	7.228e-05	0.00850176452273291	0.00850176	-4.14098	114
173	4	8	3	7.224e-05	0.00849941174435031	0.00849941	-4.14122	46
174	3	8	3	7.22e-05	0.0084970583144992	0.00849706	-4.14146	604
175	5	8	2	7.218e-05	0.00849588135510378	0.00849588	-4.14158	246
176	-1	8	3	7.218e-05	0.00849588135510378	0.00849588	-4.14158	222
177	6	8	3	7.216e-05	0.00849470423263812	0.0084947	-4.1417	815
178	1	6	1	7.21e-05	0.00849117188614151	0.00849117	-4.14206	316
179	-1	8	3	7.208e-05	0.00848999411071645	0.00848999	-4.14219	185
180	-1	8	3	7.206e-05	0.00848881617188168	0.00848882	-4.14231	473
181	-1	6	2	7.202e-05	0.00848645980371085	0.00848646	-4.14255	131
182	2	8	3	7.2e-05	0.00848528137423857	0.00848528	-4.14267	312
183	3	8	2	7.2e-05	0.00848528137423857	0.00848528	-4.14267	414
184	7	8	2	7.198e-05	0.00848410278108416	0.0084841	-4.14279	753
185	8	8	3	7.194e-05	0.00848174510345601	0.00848175	-4.14303	266
186	8	8	3	7.192e-05	0.00848056601884568	0.00848057	-4.14315	94
187	4	8	2	7.186e-05	0.0084770277810091	0.00847703	-4.14351	309
188	-1	8	2	7.184e-05	0.00847584804016684	0.00847585	-4.14363	61
189	-1	8	3	7.182e-05	0.00847466813509532	0.00847467	-4.14375	388
190	-1	8	2	7.182e-05	0.00847466813509532	0.00847467	-4.14375	937
191	4	8	2	7.182e-05	0.00847466813509532	0.00847467	-4.14375	927
192	-1	8	3	7.182e-05	0.00847466813509532	0.00847467	-4.14375	724
193	-1	8	3	7.18e-05	0.00847348806572594	0.00847349	-4.14388	241
194	-1	8	3	7.18e-05	0.00847348806572594	0.00847349	-4.14388	23
195	1	4	1	7.176e-05	0.00847112743381895	0.00847113	-4.14412	448
196	3	8	2	7.176e-05	0.00847112743381895	0.00847113	-4.14412	352
197	-1	8	3	7.176e-05	0.00847112743381895	0.00847113	-4.14412	808
198	1	8	1	7.174e-05	0.00846994687114388	0.00846995	-4.14424	942
199	-1	6	2	7.174e-05	0.00846994687114388	0.00846995	-4.14424	2
200	6	8	3	7.172e-05	0.00846876614389605	0.00846877	-4.14436	803
201	7	8	2	7.17e-05	0.00846758525200662	0.00846759	-4.14448	285
202	-1	4	2	7.17e-05	0.00846758525200662	0.00846759	-4.14448	443
203	-1	8	2	7.17e-05	0.00846758525200662	0.00846759	-4.14448	313
204	4	8	3	7.168e-05	0.00846640419540669	0.0084664	-4.1446	223
205	-1	8	3	7.166e-05	0.00846522297402732	0.00846522	-4.14472	863
206	-1	8	3	7.166e-05	0.00846522297402732	0.00846522	-4.14472	537
207	-1	8	3	7.166e-05	0.00846522297402732	0.00846522	-4.14472	905
208	2	6	2	7.166e-05	0.00846522297402732	0.00846522	-4.14472	371
209	-1	6	2	7.164e-05	0.00846404158779953	0.00846404	-4.14484	619
210	-1	8	3	7.164e-05	0.00846404158779953	0.00846404	-4.14484	853
211	-1	8	3	7.16e-05	0.00846167832052247	0.00846168	-4.14509	645
212	-1	8	3	7.154e-05	0.0084581321815162	0.00845813	-4.14545	472
213	-1	8	3	7.152e-05	0.00845694980474639	0.00845695	-4.14557	393
214	1	8	1	7.152e-05	0.00845694980474639	0.00845695	-4.14557	324
215	-1	8	3	7.15e-05	0.00845576726264388	0.00845577	-4.14569	664
216	8	8	3	7.142e-05	0.00845103543951864	0.00845104	-4.14618	102
217	3	8	3	7.142e-05	0.00845103543951864	0.00845104	-4.14618	478
218	4	8	2	7.142e-05	0.00845103543951864	0.00845104	-4.14618	935
219	3	8	3	7.138e-05	0.00844866853415377	0.00844867	-4.14642	409
220	-1	8	3	7.138e-05	0.00844866853415377	0.00844867	-4.14642	841
221	4	6	2	7.134e-05	0.00844630096551147	0.0084463	-4.14667	126
222	-1	6	3	7.132e-05	0.00844511693228696	0.00844512	-4.14679	68
223	1	4	1	7.13e-05	0.00844393273303382	0.00844393	-4.14691	575
224	2	8	3	7.13e-05	0.00844393273303382	0.00844393	-4.14691	754
225	-1	8	3	7.128e-05	0.00844274836768217	0.00844275	-4.14703	401
226	-1	8	3	7.124e-05	0.00844037913840368	0.00844038	-4.14728	211
227	3	8	3	7.122e-05	0.00843919427433686	0.00843919	-4.1474	417
228	-1	8	3	7.122e-05	0.00843919427433686	0.00843919	-4.1474	517
229	-1	8	3	7.12e-05	0.00843800924389159	0.00843801	-4.14752	914
230	2	6	2	7.118e-05	0.00843682404699778	0.00843682	-4.14764	502
231	-1	8	2	7.118e-05	0.00843682404699778	0.00843682	-4.14764	287
232	8	8	3	7.118e-05	0.00843682404699778	0.00843682	-4.14764	552
233	2	8	2	7.118e-05	0.00843682404699778	0.00843682	-4.14764	331
234	-1	8	3	7.116e-05	0.00843563868358526	0.00843564	-4.14776	16
235	4	6	3	7.116e-05	0.00843563868358526	0.00843564	-4.14776	63
236	-1	8	3	7.114e-05	0.00843445315358382	0.00843445	-4.14789	157
237	7	6	2	7.11e-05	0.00843208159353312	0.00843208	-4.14813	587
238	-1	8	3	7.11e-05	0.00843208159353312	0.00843208	-4.14813	548
239	2	6	2	7.11e-05	0.00843208159353312	0.00843208	-4.14813	504
240	-1	6	2	7.108e-05	0.0084308955633432	0.0084309	-4.14825	192
241	1	6	1	7.104e-05	0.00842852300228219	0.00842852	-4.1485	259
242	-1	8	2	7.102e-05	0.00842733647127015	0.00842734	-4.14862	240
243	5	8	2	7.102e-05	0.00842733647127015	0.00842734	-4.14862	898
244	-1	8	3	7.102e-05	0.00842733647127015	0.00842734	-4.14862	38
245	-1	6	2	7.102e-05	0.00842733647127015	0.00842734	-4.14862	701
246	-1	8	3	7.102e-05	0.00842733647127015	0.00842734	-4.14862	527
247	6	8	3	7.1e-05	0.00842614977317636	0.00842615	-4.14874	814
248	-1	6	2	7.1e-05	0.00842614977317636	0.00842615	-4.14874	466
249	5	6	3	7.098e-05	0.00842496290793022	0.00842496	-4.14886	760
250	-1	8	3	7.098e-05	0.00842496290793022	0.00842496	-4.14886	562
251	2	8	2	7.098e-05	0.00842496290793022	0.00842496	-4.14886	361
252	-1	8	2	7.088e-05	0.00841902607193968	0.00841903	-4.14948	891
253	4	6	2	7.086e-05	0.00841783820229398	0.00841784	-4.1496	614
254	-1	8	3	7.084e-05	0.00841665016500033	0.00841665	-4.14972	437
255	-1	6	2	7.078e-05	0.00841308504652128	0.00841309	-4.15009	488
256	5	8	3	7.076e-05	0.00841189633792523	0.0084119	-4.15021	677
257	8	8	3	7.076e-05	0.00841189633792523	0.0084119	-4.15021	99
258	2	8	3	7.074e-05	0.00841070746132571	0.00841071	-4.15033	57
259	-1	8	3	7.072e-05	0.00840951841665146	0.00840952	-4.15046	770
260	-1	6	2	7.072e-05	0.00840951841665146	0.00840952	-4.15046	383
261	-1	8	3	7.068e-05	0.00840713982279348	0.00840714	-4.1507	709
262	-1	4	2	7.062e-05	0.0084035706696618	0.00840357	-4.15107	825
263	1	4	1	7.058e-05	0.00840119039184329	0.00840119	-4.15132	384
264	1	6	1	7.056e-05	0.0084	0.0084	-4.15144	255
265	8	8	3	7.056e-05	0.0084	0.0084	-4.15144	14
266	-1	8	3	7.056e-05	0.0084	0.0084	-4.15144	725
267	-1	8	3	7.054e-05	0.00839880943943843	0.00839881	-4.15156	219
268	3	6	2	7.054e-05	0.00839880943943843	0.00839881	-4.15156	382
269	-1	6	2	7.05e-05	0.00839642781187333	0.00839643	-4.15181	629
270	6	8	2	7.05e-05	0.00839642781187333	0.00839643	-4.15181	744
271	7	8	2	7.05e-05	0.00839642781187333	0.00839643	-4.15181	897
272	-1	8	2	7.048e-05	0.00839523674472614	0.00839524	-4.15193	242
273	-1	8	3	7.046e-05	0.00839404550857333	0.00839405	-4.15206	745
274	-1	8	3	7.046e-05	0.00839404550857333	0.00839405	-4.15206	30
275	4	8	2	7.046e-05	0.00839404550857333	0.00839405	-4.15206	306
276	4	8	2	7.036e-05	0.00838808679020431	0.00838809	-4.15267	279
277	4	8	2	7.036e-05	0.00838808679020431	0.00838809	-4.15267	928
278	3	8	3	7.034e-05	0.0083868945385047	0.00838689	-4.1528	400
279	-1	6	2	7.034e-05	0.0083868945385047	0.00838689	-4.1528	493
280	-1	8	2	7.032e-05	0.00838570211729465	0.0083857	-4.15292	35
281	8	8	3	7.03e-05	0.00838450952650183	0.00838451	-4.15304	13
282	-1	8	3	7.03e-05	0.00838450952650183	0.00838451	-4.15304	731
283	7	8	2	7.028e-05	0.00838331676605387	0.00838332	-4.15317	892
284	-1	8	3	7.028e-05	0.00838331676605387	0.00838332	-4.15317	715
285	-1	8	3	7.028e-05	0.00838331676605387	0.00838332	-4.15317	668
286	7	6	2	7.024e-05	0.00838093073590278	0.00838093	-4.15342	633
287	-1	8	3	7.02e-05	0.00837854402626136	0.00837854	-4.15366	86
288	1	8	1	7.018e-05	0.0083773504164503	0.00837735	-4.15379	303
289	-1	8	3	7.014e-05	0.00837496268648404	0.00837496	-4.15403	832
290	-1	8	3	7.014e-05	0.00837496268648404	0.00837496	-4.15403	454
291	3	8	3	7.014e-05	0.00837496268648404	0.00837496	-4.15403	178
292	5	8	2	7.012e-05	0.00837376856618333	0.00837377	-4.15416	251
293	6	8	3	7.012e-05	0.00837376856618333	0.00837377	-4.15416	920
294	8	6	3	7.01e-05	0.00837257427557379	0.00837257	-4.15428	67
295	6	8	3	7.008e-05	0.00837137981458254	0.00837138	-4.15441	877
296	-1	4	2	7.008e-05	0.00837137981458254	0.00837138	-4.15441	574
297	-1	8	3	7.008e-05	0.00837137981458254	0.00837138	-4.15441	95
298	7	8	3	7.006e-05	0.00837018518313663	0.00837019	-4.15453	653
299	-1	8	4	7.006e-05	0.00837018518313663	0.00837019	-4.15453	78
300	-1	8	3	7.004e-05	0.00836899038116307	0.00836899	-4.15465	526
301	-1	8	3	7e-05	0.00836660026534075	0.0083666	-4.1549	424
302	-1	8	3	6.998e-05	0.00836540495134575	0.0083654	-4.15503	163
303	-1	6	2	6.996e-05	0.00836420946653059	0.00836421	-4.15515	196
304	2	6	2	6.996e-05	0.00836420946653059	0.00836421	-4.15515	591
305	-1	8	3	6.996e-05	0.00836420946653059	0.00836421	-4.15515	640
306	1	6	1	6.992e-05	0.00836181798414675	0.00836182	-4.1554	318
307	-1	8	4	6.99e-05	0.00836062198643139	0.00836062	-4.15552	780
308	-1	8	2	6.99e-05	0.00836062198643139	0.00836062	-4.15552	540
309	-1	8	2	6.99e-05	0.00836062198643139	0.00836062	-4.15552	237
310	2	8	3	6.99e-05	0.00836062198643139	0.00836062	-4.15552	691
311	8	8	3	6.988e-05	0.00835942581760255	0.00835943	-4.15565	85
312	-1	6	2	6.988e-05	0.00835942581760255	0.00835943	-4.15565	508
313	-1	8	3	6.982e-05	0.00835583628370015	0.00835584	-4.15602	170
314	-1	6	2	6.982e-05	0.00835583628370015	0.00835584	-4.15602	486
315	1	6	1	6.98e-05	0.00835463942968217	0.00835464	-4.15614	492
316	-1	8	2	6.98e-05	0.00835463942968217	0.00835464	-4.15614	328
317	-1	8	2	6.978e-05	0.00835344240418284	0.00835344	-4.15627	738
318	5	8	3	6.976e-05	0.00835224520712844	0.00835225	-4.15639	678
319	-1	6	2	6.976e-05	0.00835224520712844	0.00835225	-4.15639	260
320	-1	8	2	6.974e-05	0.00835104783844519	0.00835105	-4.15652	300
321	6	8	3	6.974e-05	0.00835104783844519	0.00835105	-4.15652	867
322	-1	8	2	6.972e-05	0.00834985029805924	0.00834985	-4.15664	297
323	-1	8	3	6.968e-05	0.00834745470188368	0.00834745	-4.15689	534
324	7	8	2	6.968e-05	0.00834745470188368	0.00834745	-4.15689	648
325	-1	8	2	6.966e-05	0.00834625664594613	0.00834626	-4.15702	250
326	8	8	2	6.962e-05	0.00834386001800126	0.00834386	-4.15727	555
327	-1	4	2	6.96e-05	0.00834266144584568	0.00834266	-4.15739	132
328	8	8	3	6.96e-05	0.00834266144584568	0.00834266	-4.15739	202
329	3	8	3	6.958e-05	0.00834146270146909	0.00834146	-4.15752	430
330	-1	8	4	6.956e-05	0.00834026378479722	0.00834026	-4.15764	852
331	-1	8	3	6.956e-05	0.00834026378479722	0.00834026	-4.15764	833
332	-1	8	2	6.954e-05	0.00833906469575575	0.00833906	-4.15777	305
333	-1	6	2	6.952e-05	0.00833786543427033	0.00833787	-4.15789	461
334	-1	8	2	6.948e-05	0.00833546639366988	0.00833547	-4.15814	346
335	-1	8	3	6.94e-05	0.00833066623986341	0.00833067	-4.15864	716
336	8	8	2	6.932e-05	0.00832586331859946	0.00832586	-4.15914	177
337	2	6	2	6.932e-05	0.00832586331859946	0.00832586	-4.15914	378
338	-1	8	2	6.924e-05	0.00832105762508589	0.00832106	-4.15964	710
339	-1	8	3	6.924e-05	0.00832105762508589	0.00832106	-4.15964	606
340	7	8	2	6.924e-05	0.00832105762508589	0.00832106	-4.15964	282
341	-1	8	2	6.924e-05	0.00832105762508589	0.00832106	-4.15964	354
342	-1	8	3	6.92e-05	0.00831865373723417	0.00831865	-4.15989	165
343	-1	8	3	6.92e-05	0.00831865373723417	0.00831865	-4.15989	857
344	8	8	3	6.92e-05	0.00831865373723417	0.00831865	-4.15989	107
345	3	8	3	6.918e-05	0.00831745153277132	0.00831745	-4.16002	581
346	5	8	2	6.918e-05	0.00831745153277132	0.00831745	-4.16002	755
347	-1	6	2	6.918e-05	0.00831745153277132	0.00831745	-4.16002	623
348	3	8	3	6.918e-05	0.00831745153277132	0.00831745	-4.16002	518
349	4	8	2	6.916e-05	0.00831624915451672	0.00831625	-4.16015	224
350	-1	6	2	6.914e-05	0.00831504660239496	0.00831505	-4.16027	592
351	-1	8	2	6.91e-05	0.00831264097624816	0.00831264	-4.16052	746
352	4	8	2	6.91e-05	0.00831264097624816	0.00831264	-4.16052	216
353	-1	8	3	6.904e-05	0.0083090312311364	0.00830903	-4.1609	274
354	-1	8	3	6.9e-05	0.00830662386291807	0.00830662	-4.16115	480
355	4	8	2	6.9e-05	0.00830662386291807	0.00830662	-4.16115	9
356	-1	6	2	6.898e-05	0.00830541991713845	0.00830542	-4.16128	335
357	3	8	3	6.898e-05	0.00830541991713845	0.00830542	-4.16128	538
358	8	8	3	6.896e-05	0.00830421579681068	0.00830422	-4.1614	139
359	5	8	3	6.896e-05	0.00830421579681068	0.00830422	-4.1614	652
360	1	6	1	6.896e-05	0.00830421579681068	0.00830422	-4.1614	503
361	7	6	2	6.892e-05	0.0083018070322069	0.00830181	-4.16165	632
362	4	6	2	6.888e-05	0.00829939756849857	0.0082994	-4.16191	620
363	-1	8	3	6.888e-05	0.00829939756849857	0.0082994	-4.16191	146
364	-1	8	3	6.886e-05	0.0082981925742899	0.00829819	-4.16203	184
365	4	6	2	6.886e-05	0.0082981925742899	0.00829819	-4.16203	612
366	3	8	3	6.886e-05	0.0082981925742899	0.00829819	-4.16203	541
367	4	8	2	6.886e-05	0.0082981925742899	0.00829819	-4.16203	314
368	-1	8	3	6.886e-05	0.0082981925742899	0.00829819	-4.16203	410
369	-1	8	3	6.874e-05	0.00829095893126965	0.00829096	-4.16279	598
370	-1	8	3	6.858e-05	0.00828130424510536	0.0082813	-4.1638	849
371	3	8	3	6.856e-05	0.00828009661779378	0.0082801	-4.16393	556
372	8	8	3	6.854e-05	0.00827888881432768	0.00827889	-4.16406	109
373	6	8	3	6.846e-05	0.00827405583737504	0.00827406	-4.16456	904
374	3	8	2	6.844e-05	0.00827284715197857	0.00827285	-4.16469	329
375	-1	8	3	6.84e-05	0.00827042925125413	0.00827043	-4.16494	599
376	6	8	3	6.836e-05	0.00826801064343776	0.00826801	-4.1652	878
377	-1	8	3	6.826e-05	0.00826196102629394	0.00826196	-4.16583	871
378	-1	8	3	6.82e-05	0.00825832912882503	0.00825833	-4.16622	79
379	-1	6	2	6.816e-05	0.00825590697622012	0.00825591	-4.16647	509
380	-1	8	3	6.808e-05	0.00825106053789451	0.00825106	-4.16698	227
381	1	4	1	6.808e-05	0.00825106053789451	0.00825106	-4.16698	449
382	-1	8	2	6.804e-05	0.00824863625092051	0.00824864	-4.16724	429
383	-1	8	2	6.8e-05	0.00824621125123532	0.00824621	-4.16749	304
384	-1	8	2	6.796e-05	0.00824378553820998	0.00824379	-4.16775	234
385	3	8	3	6.788e-05	0.00823893196961839	0.00823893	-4.16826	455
386	-1	8	3	6.786e-05	0.00823771813064759	0.00823772	-4.16839	580
387	-1	6	2	6.782e-05	0.00823528991596531	0.00823529	-4.16864	197
388	8	8	3	6.762e-05	0.00822313808712951	0.00822314	-4.16992	121
389	1	6	1	6.754e-05	0.00821827232452174	0.00821827	-4.17044	627
390	3	8	3	6.744e-05	0.00821218606705912	0.00821219	-4.17108	394
391	5	6	3	6.744e-05	0.00821218606705912	0.00821219	-4.17108	823
392	5	8	3	6.742e-05	0.00821096827420494	0.00821097	-4.17121	661
393	1	4	1	6.74e-05	0.00820975030070952	0.00820975	-4.17134	569
394	8	8	3	6.738e-05	0.00820853214649245	0.00820853	-4.17147	203
395	8	8	3	6.732e-05	0.00820487659870641	0.00820488	-4.17186	265
396	-1	6	2	6.732e-05	0.00820487659870641	0.00820488	-4.17186	501
397	-1	6	2	6.722e-05	0.00819878039710785	0.00819878	-4.1725	621
398	-1	8	3	6.708e-05	0.00819023809177731	0.00819024	-4.17341	669
399	6	8	2	6.684e-05	0.00817557337438788	0.00817557	-4.17496	739
400	-1	8	3	6.678e-05	0.00817190308312574	0.0081719	-4.17535	275
401	-1	8	3	6.67e-05	0.00816700679563817	0.00816701	-4.17587	542
402	-1	6	2	6.648e-05	0.0081535268442558	0.00815353	-4.17731	494
403	6	8	2	6.598e-05	0.00812280739646091	0.00812281	-4.18059	870
404	1	6	1	6.516e-05	0.00807217442824423	0.00807217	-4.18602	593
405	4	8	2	3.762e-05	0.00613351449007826	0.00613351	-4.42458	53
406	-1	6	2	3.732e-05	0.00610900973972051	0.00610901	-4.42806	603
407	5	6	2	3.728e-05	0.0061057350089895	0.00610574	-4.42852	882
408	8	8	3	3.696e-05	0.00607947366142827	0.00607947	-4.43227	148
409	6	8	2	3.674e-05	0.0060613529842767	0.00606135	-4.43486	940
410	-1	8	2	3.674e-05	0.0060613529842767	0.00606135	-4.43486	729
411	3	8	3	3.67e-05	0.00605805249234438	0.00605805	-4.43533	547
412	-1	8	3	3.656e-05	0.00604648658313239	0.00604649	-4.43699	554
413	-1	8	3	3.65e-05	0.00604152298679729	0.00604152	-4.43771	730
414	-1	8	3	3.646e-05	0.00603821165578021	0.00603821	-4.43818	221
415	-1	8	3	3.636e-05	0.00602992537267253	0.00602993	-4.43938	869
416	7	6	2	3.634e-05	0.00602826674924061	0.00602827	-4.43962	638
417	-1	6	2	3.626e-05	0.00602162768692984	0.00602163	-4.44057	611
418	-1	6	2	3.622e-05	0.00601830540933243	0.00601831	-4.44105	353
419	4	8	2	3.62e-05	0.00601664358259653	0.00601664	-4.44129	27
420	3	8	3	3.618e-05	0.00601498129672903	0.00601498	-4.44153	427
421	-1	8	3	3.612e-05	0.00600999168052669	0.00600999	-4.44225	149
422	2	8	3	3.61e-05	0.00600832755431992	0.00600833	-4.44249	34
423	1	4	1	3.61e-05	0.00600832755431992	0.00600833	-4.44249	317
424	2	6	2	3.608e-05	0.00600666296707248	0.00600666	-4.44273	340
425	-1	8	3	3.608e-05	0.00600666296707248	0.00600666	-4.44273	311
426	-1	8	3	3.606e-05	0.00600499791840097	0.006005	-4.44297	736
427	-1	6	2	3.606e-05	0.00600499791840097	0.006005	-4.44297	256
428	5	6	2	3.596e-05	0.00599666574022598	0.00599667	-4.44418	697
429	3	8	3	3.588e-05	0.00598999165274878	0.00598999	-4.44515	391
430	5	8	2	3.588e-05	0.00598999165274878	0.00598999	-4.44515	688
431	3	8	3	3.584e-05	0.00598665181883831	0.00598665	-4.44563	415
432	-1	8	2	3.58e-05	0.00598331012066064	0.00598331	-4.44612	667
433	-1	6	2	3.578e-05	0.00598163857149527	0.00598164	-4.44636	589
434	-1	8	3	3.574e-05	0.00597829407105405	0.00597829	-4.44685	799
435	5	6	2	3.574e-05	0.00597829407105405	0.00597829	-4.44685	499
436	8	8	3	3.574e-05	0.00597829407105405	0.00597829	-4.44685	76
437	-1	8	2	3.574e-05	0.00597829407105405	0.00597829	-4.44685	737
438	5	6	2	3.572e-05	0.00597662111899357	0.00597662	-4.44709	337
439	1	2	1	3.572e-05	0.00597662111899357	0.00597662	-4.44709	573
440	-1	6	2	3.57e-05	0.00597494769851586	0.00597495	-4.44733	491
441	5	6	2	3.568e-05	0.00597327380922723	0.00597327	-4.44758	373
442	-1	6	2	3.566e-05	0.00597159945073345	0.0059716	-4.44782	500
443	7	4	2	3.564e-05	0.00596992462263972	0.00596992	-4.44806	446
444	5	6	2	3.564e-05	0.00596992462263972	0.00596992	-4.44806	693
445	7	4	2	3.562e-05	0.00596824932455071	0.00596825	-4.44831	572
446	-1	8	3	3.562e-05	0.00596824932455071	0.00596825	-4.44831	248
447	-1	8	3	3.554e-05	0.00596154342431555	0.00596154	-4.44928	239
448	7	6	2	3.554e-05	0.00596154342431555	0.00596154	-4.44928	590
449	1	4	1	3.55e-05	0.00595818764390649	0.00595819	-4.44977	258
450	-1	8	3	3.55e-05	0.00595818764390649	0.00595819	-4.44977	806
451	6	8	2	3.546e-05	0.00595482997238376	0.00595483	-4.45026	941
452	4	8	2	3.544e-05	0.00595315042645489	0.00595315	-4.45051	48
453	6	8	2	3.542e-05	0.0059514704065466	0.00595147	-4.45075	926
454	7	6	2	3.542e-05	0.0059514704065466	0.00595147	-4.45075	631
455	1	6	1	3.542e-05	0.0059514704065466	0.00595147	-4.45075	333
456	7	6	2	3.54e-05	0.00594978991225741	0.00594979	-4.451	887
457	3	8	3	3.536e-05	0.0059464274989274	0.00594643	-4.45149	421
458	5	8	2	3.534e-05	0.00594474557908074	0.00594475	-4.45173	683
459	5	8	2	3.532e-05	0.00594306318324145	0.00594306	-4.45198	931
460	2	6	2	3.528e-05	0.005939696961967	0.0059397	-4.45247	377
461	1	4	1	3.522e-05	0.00593464404998312	0.00593464	-4.45321	195
462	6	8	3	3.522e-05	0.00593464404998312	0.00593464	-4.45321	778
463	2	6	2	3.522e-05	0.00593464404998312	0.00593464	-4.45321	362
464	-1	6	2	3.522e-05	0.00593464404998312	0.00593464	-4.45321	490
465	6	8	3	3.522e-05	0.00593464404998312	0.00593464	-4.45321	868
466	-1	8	3	3.518e-05	0.00593127305053477	0.00593127	-4.4537	858
467	1	4	1	3.514e-05	0.00592790013411157	0.0059279	-4.4542	699
468	2	6	2	3.512e-05	0.00592621295601162	0.00592621	-4.45445	368
469	-1	6	2	3.51e-05	0.00592452529743945	0.00592453	-4.45469	484
470	1	6	1	3.508e-05	0.00592283715798434	0.00592284	-4.45494	369
471	2	4	2	3.508e-05	0.00592283715798434	0.00592284	-4.45494	441
472	-1	8	2	3.506e-05	0.00592114853723499	0.00592115	-4.45519	238
473	-1	6	2	3.506e-05	0.00592114853723499	0.00592115	-4.45519	477
474	-1	8	3	3.506e-05	0.00592114853723499	0.00592115	-4.45519	779
475	-1	6	2	3.504e-05	0.0059194594347795	0.00591946	-4.45544	479
476	8	8	3	3.504e-05	0.0059194594347795	0.00591946	-4.45544	106
477	7	8	2	3.502e-05	0.0059177698502054	0.00591777	-4.45568	896
478	-1	6	2	3.5e-05	0.00591607978309962	0.00591608	-4.45593	374
479	5	8	2	3.5e-05	0.00591607978309962	0.00591608	-4.45593	310
480	4	6	2	3.496e-05	0.00591269819963779	0.0059127	-4.45643	252
481	-1	6	2	3.496e-05	0.00591269819963779	0.0059127	-4.45643	359
482	-1	8	2	3.49e-05	0.00590762219509677	0.00590762	-4.45717	295
483	-1	6	3	3.484e-05	0.00590254182534948	0.00590254	-4.45792	464
484	7	8	3	3.48e-05	0.00589915248150105	0.00589915	-4.45842	743
485	-1	8	3	3.476e-05	0.00589576118919347	0.00589576	-4.45892	32
486	6	8	3	3.474e-05	0.00589406481131655	0.00589406	-4.45917	932
487	8	8	3	3.472e-05	0.00589236794506249	0.00589237	-4.45942	553
488	8	8	3	3.47e-05	0.00589067059000926	0.00589067	-4.45967	175
489	8	8	3	3.468e-05	0.00588897274573418	0.00588897	-4.45992	113
490	2	8	3	3.466e-05	0.00588727441181401	0.00588727	-4.46017	62
491	-1	8	2	3.466e-05	0.00588727441181401	0.00588727	-4.46017	291
492	-1	6	2	3.464e-05	0.00588557558782486	0.00588558	-4.46042	610
493	2	8	3	3.464e-05	0.00588557558782486	0.00588558	-4.46042	692
494	6	8	2	3.458e-05	0.00588047617119566	0.00588048	-4.46118	742
495	-1	8	4	3.458e-05	0.00588047617119566	0.00588048	-4.46118	851
496	5	8	2	3.456e-05	0.00587877538267963	0.00587878	-4.46143	895
497	4	6	2	3.456e-05	0.00587877538267963	0.00587878	-4.46143	189
498	-1	4	2	3.454e-05	0.00587707410196605	0.00587707	-4.46168	571
499	-1	6	2	3.454e-05	0.00587707410196605	0.00587707	-4.46168	8
500	6	8	2	3.45e-05	0.00587367006223537	0.00587367	-4.46218	925
501	-1	8	2	3.448e-05	0.00587196730236128	0.00587197	-4.46243	44
502	8	8	4	3.446e-05	0.00587026404857567	0.00587026	-4.46268	77
503	-1	8	2	3.444e-05	0.00586856030044848	0.00586856	-4.46294	288
504	1	4	1	3.442e-05	0.00586685605754905	0.00586686	-4.46319	888
505	-1	6	2	3.442e-05	0.00586685605754905	0.00586686	-4.46319	463
506	4	8	2	3.44e-05	0.00586515131944607	0.00586515	-4.46344	54
507	-1	6	2	3.44e-05	0.00586515131944607	0.00586515	-4.46344	193
508	-1	8	3	3.436e-05	0.00586174035590114	0.00586174	-4.46395	232
509	2	4	2	3.436e-05	0.00586174035590114	0.00586174	-4.46395	567
510	7	6	2	3.434e-05	0.00586003412959344	0.00586003	-4.4642	626
511	-1	6	2	3.432e-05	0.00585832740635072	0.00585833	-4.46445	485
512	-1	6	2	3.432e-05	0.00585832740635072	0.00585833	-4.46445	338
513	7	8	3	3.428e-05	0.00585491246732178	0.00585491	-4.46496	644
514	5	8	2	3.426e-05	0.00585320425066476	0.0058532	-4.46521	643
515	5	6	2	3.42e-05	0.00584807660688538	0.00584808	-4.46597	616
516	-1	6	2	3.418e-05	0.00584636639289739	0.00584637	-4.46623	625
517	6	8	2	3.418e-05	0.00584636639289739	0.00584637	-4.46623	919
518	2	8	3	3.418e-05	0.00584636639289739	0.00584637	-4.46623	646
519	-1	8	2	3.414e-05	0.00584294446319662	0.00584294	-4.46674	674
520	7	6	2	3.414e-05	0.00584294446319662	0.00584294	-4.46674	194
521	-1	8	2	3.412e-05	0.00584123274660409	0.00584123	-4.46699	233
522	4	8	2	3.41e-05	0.00583952052826257	0.00583952	-4.46725	684
523	5	8	2	3.41e-05	0.00583952052826257	0.00583952	-4.46725	58
524	-1	6	2	3.41e-05	0.00583952052826257	0.00583952	-4.46725	605
525	-1	4	2	3.41e-05	0.00583952052826257	0.00583952	-4.46725	445
526	-1	8	2	3.408e-05	0.00583780780773057	0.00583781	-4.4675	225
527	6	8	3	3.406e-05	0.00583609458456595	0.00583609	-4.46776	752
528	1	2	1	3.406e-05	0.00583609458456595	0.00583609	-4.46776	447
529	7	6	2	3.4e-05	0.0058309518948453	0.00583095	-4.46852	698
530	-1	8	3	3.398e-05	0.00582923665671587	0.00582924	-4.46878	707
531	5	8	2	3.396e-05	0.00582752091373339	0.00582752	-4.46903	751
532	-1	8	2	3.394e-05	0.0058258046654518	0.0058258	-4.46929	296
533	7	8	2	3.394e-05	0.0058258046654518	0.0058258	-4.46929	284
534	6	8	3	3.39e-05	0.00582237065120385	0.00582237	-4.4698	805
535	-1	6	2	3.39e-05	0.00582237065120385	0.00582237	-4.4698	3
536	5	6	2	3.386e-05	0.00581893461039046	0.00581893	-4.47031	886
537	5	8	2	3.386e-05	0.00581893461039046	0.00581893	-4.47031	706
538	-1	8	3	3.382e-05	0.00581549653941948	0.0058155	-4.47083	59
539	-1	8	2	3.372e-05	0.00580689245638319	0.00580689	-4.47211	283
540	5	8	2	3.37e-05	0.00580517010948	0.00580517	-4.47237	247
541	5	8	2	3.37e-05	0.00580517010948	0.00580517	-4.47237	676
542	-1	8	3	3.37e-05	0.00580517010948	0.00580517	-4.47237	176
543	3	8	3	3.368e-05	0.00580344725141876	0.00580345	-4.47263	428
544	1	4	1	3.364e-05	0.0058	0.0058	-4.47314	323
545	-1	8	2	3.362e-05	0.00579827560572969	0.00579828	-4.4734	220
546	5	8	2	3.36e-05	0.00579655069847578	0.00579655	-4.47366	31
547	6	8	3	3.36e-05	0.00579655069847578	0.00579655	-4.47366	850
548	6	8	3	3.354e-05	0.0057913728942281	0.00579137	-4.47444	689
549	-1	8	2	3.352e-05	0.00578964593045205	0.00578965	-4.4747	39
550	-1	8	3	3.346e-05	0.00578446194559183	0.00578446	-4.47547	536
551	3	8	3	3.342e-05	0.00578100337311785	0.005781	-4.47599	392
552	3	8	3	3.34e-05	0.00577927331071996	0.00577927	-4.47625	169
553	8	8	3	3.326e-05	0.00576714834211849	0.00576715	-4.47808	112
554	6	8	2	3.326e-05	0.00576714834211849	0.00576715	-4.47808	918
555	7	6	2	3.326e-05	0.00576714834211849	0.00576715	-4.47808	257
556	-1	8	3	3.308e-05	0.00575152153781936	0.00575152	-4.48043	228
557	-1	8	2	3.304e-05	0.00574804314527997	0.00574804	-4.48096	301
558	3	8	3	3.304e-05	0.00574804314527997	0.00574804	-4.48096	543
559	8	8	3	3.28e-05	0.00572712842531054	0.00572713	-4.48413	535
560	-1	6	3	3.276e-05	0.00572363520850167	0.00572364	-4.48466	617
561	8	8	3	3.27e-05	0.00571839138219832	0.00571839	-4.48545	100
562	3	8	3	3.27e-05	0.00571839138219832	0.00571839	-4.48545	164
563	-1	8	3	3.258e-05	0.00570788927713213	0.00570789	-4.48705	794
564	-1	8	3	3.23e-05	0.00568330889535313	0.00568331	-4.4908	862
565	7	8	2	3.222e-05	0.00567626637852735	0.00567627	-4.49187	302
566	4	8	2	3.19e-05	0.00564800849857718	0.00564801	-4.49621	639
567	-1	8	3	2.4e-07	0.000489897948556636	0.000489898	-6.61979	244
568	-1	6	2	2.4e-07	0.000489897948556636	0.000489898	-6.61979	66
569	-1	8	3	2.4e-07	0.000489897948556636	0.000489898	-6.61979	83
570	-1	8	2	2.4e-07	0.000489897948556636	0.000489898	-6.61979	622
571	-1	8	3	2.4e-07	0.000489897948556636	0.000489898	-6.61979	719
572	-1	6	2	2.2e-07	0.000469041575982343	0.000469042	-6.65758	696
573	-1	8	3	2.2e-07	0.000469041575982343	0.000469042	-6.65758	56
574	-1	8	3	2.2e-07	0.000469041575982343	0.000469042	-6.65758	29
575	-1	8	2	2.2e-07	0.000469041575982343	0.000469042	-6.65758	458
576	-1	8	3	2e-07	0.000447213595499958	0.000447214	-6.69897	532
577	-1	8	3	2e-07	0.000447213595499958	0.000447214	-6.69897	24
578	-1	8	3	2e-07	0.000447213595499958	0.000447214	-6.69897	87
579	-1	6	2	2e-07	0.000447213595499958	0.000447214	-6.69897	253
580	-1	8	3	2e-07	0.000447213595499958	0.000447214	-6.69897	740
581	-1	6	2	2e-07	0.000447213595499958	0.000447214	-6.69897	821
582	-1	8	3	2e-07	0.000447213595499958	0.000447214	-6.69897	705
583	-1	6	2	2e-07	0.000447213595499958	0.000447214	-6.69897	759
584	-1	8	3	2e-07	0.000447213595499958	0.000447214	-6.69897	439
585	-1	8	3	2e-07	0.000447213595499958	0.000447214	-6.69897	278
586	-1	8	3	2e-07	0.000447213595499958	0.000447214	-6.69897	767
587	-1	8	3	2e-07	0.000447213595499958	0.000447214	-6.69897	550
588	-1	8	3	2e-07	0.000447213595499958	0.000447214	-6.69897	828
589	-1	8	2	1.8e-07	0.000424264068711928	0.000424264	-6.74473	513
590	-1	8	3	1.8e-07	0.000424264068711928	0.000424264	-6.74473	26
591	-1	8	3	1.8e-07	0.000424264068711928	0.000424264	-6.74473	171
592	-1	8	3	1.8e-07	0.000424264068711928	0.000424264	-6.74473	802
593	-1	8	2	1.8e-07	0.000424264068711928	0.000424264	-6.74473	412
594	-1	8	2	1.8e-07	0.000424264068711928	0.000424264	-6.74473	524
595	-1	8	3	1.8e-07	0.000424264068711928	0.000424264	-6.74473	199
596	-1	8	2	1.8e-07	0.000424264068711928	0.000424264	-6.74473	584
597	-1	8	2	1.8e-07	0.000424264068711928	0.000424264	-6.74473	327
598	-1	8	2	1.8e-07	0.000424264068711928	0.000424264	-6.74473	125
599	-1	8	3	1.8e-07	0.000424264068711928	0.000424264	-6.74473	136
600	-1	8	3	1.8e-07	0.000424264068711928	0.000424264	-6.74473	182
601	-1	8	3	1.8e-07	0.000424264068711928	0.000424264	-6.74473	138
602	-1	8	3	1.8e-07	0.000424264068711928	0.000424264	-6.74473	263
603	-1	8	2	1.8e-07	0.000424264068711928	0.000424264	-6.74473	875
604	-1	8	3	1.8e-07	0.000424264068711928	0.000424264	-6.74473	663
605	-1	8	3	1.8e-07	0.000424264068711928	0.000424264	-6.74473	17
606	-1	8	3	1.6e-07	0.0004	0.0004	-6.79588	665
607	-1	8	2	1.6e-07	0.0004	0.0004	-6.79588	261
608	-1	8	3	1.6e-07	0.0004	0.0004	-6.79588	96
609	-1	8	3	1.6e-07	0.0004	0.0004	-6.79588	654
610	-1	8	3	1.6e-07	0.0004	0.0004	-6.79588	565
611	-1	8	2	1.6e-07	0.0004	0.0004	-6.79588	334
612	-1	8	3	1.6e-07	0.0004	0.0004	-6.79588	521
613	-1	8	2	1.6e-07	0.0004	0.0004	-6.79588	549
614	-1	8	2	1.6e-07	0.0004	0.0004	-6.79588	348
615	-1	8	3	1.6e-07	0.0004	0.0004	-6.79588	308
616	-1	8	3	1.6e-07	0.0004	0.0004	-6.79588	271
617	-1	8	3	1.6e-07	0.0004	0.0004	-6.79588	660
618	-1	8	3	1.6e-07	0.0004	0.0004	-6.79588	687
619	-1	6	2	1.6e-07	0.0004	0.0004	-6.79588	506
620	-1	8	3	1.6e-07	0.0004	0.0004	-6.79588	728
621	-1	8	3	1.6e-07	0.0004	0.0004	-6.79588	407
622	-1	8	3	1.6e-07	0.0004	0.0004	-6.79588	145
623	-1	8	3	1.6e-07	0.0004	0.0004	-6.79588	276
624	-1	8	2	1.6e-07	0.0004	0.0004	-6.79588	939
625	-1	8	2	1.6e-07	0.0004	0.0004	-6.79588	790
626	-1	8	2	1.6e-07	0.0004	0.0004	-6.79588	343
627	-1	8	3	1.6e-07	0.0004	0.0004	-6.79588	172
628	-1	8	3	1.6e-07	0.0004	0.0004	-6.79588	848
629	-1	6	2	1.6e-07	0.0004	0.0004	-6.79588	763
630	-1	8	2	1.6e-07	0.0004	0.0004	-6.79588	468
631	-1	8	3	1.6e-07	0.0004	0.0004	-6.79588	916
632	-1	8	3	1.6e-07	0.0004	0.0004	-6.79588	514
633	-1	8	3	1.6e-07	0.0004	0.0004	-6.79588	204
634	-1	8	3	1.6e-07	0.0004	0.0004	-6.79588	801
635	-1	8	2	1.6e-07	0.0004	0.0004	-6.79588	350
636	-1	8	2	1.4e-07	0.000374165738677394	0.000374166	-6.85387	564
637	-1	8	3	1.4e-07	0.000374165738677394	0.000374166	-6.85387	876
638	-1	8	2	1.4e-07	0.000374165738677394	0.000374166	-6.85387	281
639	-1	8	2	1.4e-07	0.000374165738677394	0.000374166	-6.85387	423
640	-1	8	3	1.4e-07	0.000374165738677394	0.000374166	-6.85387	864
641	-1	8	3	1.4e-07	0.000374165738677394	0.000374166	-6.85387	153
642	-1	6	2	1.4e-07	0.000374165738677394	0.000374166	-6.85387	134
643	-1	8	2	1.4e-07	0.000374165738677394	0.000374166	-6.85387	154
644	-1	8	3	1.4e-07	0.000374165738677394	0.000374166	-6.85387	213
645	-1	8	3	1.4e-07	0.000374165738677394	0.000374166	-6.85387	118
646	-1	8	3	1.4e-07	0.000374165738677394	0.000374166	-6.85387	686
647	-1	8	3	1.4e-07	0.000374165738677394	0.000374166	-6.85387	907
648	-1	8	3	1.4e-07	0.000374165738677394	0.000374166	-6.85387	408
649	-1	8	3	1.4e-07	0.000374165738677394	0.000374166	-6.85387	866
650	-1	8	3	1.4e-07	0.000374165738677394	0.000374166	-6.85387	208
651	-1	8	3	1.4e-07	0.000374165738677394	0.000374166	-6.85387	217
652	-1	6	2	1.4e-07	0.000374165738677394	0.000374166	-6.85387	507
653	-1	8	2	1.4e-07	0.000374165738677394	0.000374166	-6.85387	205
654	-1	8	3	1.4e-07	0.000374165738677394	0.000374166	-6.85387	55
655	-1	8	3	1.4e-07	0.000374165738677394	0.000374166	-6.85387	406
656	-1	8	3	1.4e-07	0.000374165738677394	0.000374166	-6.85387	804
657	-1	8	3	1.4e-07	0.000374165738677394	0.000374166	-6.85387	80
658	-1	8	3	1.4e-07	0.000374165738677394	0.000374166	-6.85387	395
659	-1	8	3	1.4e-07	0.000374165738677394	0.000374166	-6.85387	236
660	-1	8	2	1.4e-07	0.000374165738677394	0.000374166	-6.85387	816
661	-1	8	2	1.4e-07	0.000374165738677394	0.000374166	-6.85387	198
662	-1	8	3	1.4e-07	0.000374165738677394	0.000374166	-6.85387	82
663	-1	6	2	1.4e-07	0.000374165738677394	0.000374166	-6.85387	191
664	-1	8	3	1.4e-07	0.000374165738677394	0.000374166	-6.85387	433
665	-1	8	3	1.4e-07	0.000374165738677394	0.000374166	-6.85387	840
666	-1	6	2	1.4e-07	0.000374165738677394	0.000374166	-6.85387	380
667	-1	8	2	1.4e-07	0.000374165738677394	0.000374166	-6.85387	299
668	-1	8	3	1.4e-07	0.000374165738677394	0.000374166	-6.85387	811
669	-1	6	3	1.4e-07	0.000374165738677394	0.000374166	-6.85387	758
670	-1	8	2	1.4e-07	0.000374165738677394	0.000374166	-6.85387	624
671	-1	8	3	1.4e-07	0.000374165738677394	0.000374166	-6.85387	765
672	-1	8	3	1.4e-07	0.000374165738677394	0.000374166	-6.85387	906
673	-1	6	2	1.4e-07	0.000374165738677394	0.000374166	-6.85387	254
674	-1	6	2	1.4e-07	0.000374165738677394	0.000374166	-6.85387	385
675	-1	8	3	1.4e-07	0.000374165738677394	0.000374166	-6.85387	93
676	-1	8	3	1.4e-07	0.000374165738677394	0.000374166	-6.85387	865
677	-1	8	3	1.4e-07	0.000374165738677394	0.000374166	-6.85387	110
678	-1	8	3	1.4e-07	0.000374165738677394	0.000374166	-6.85387	873
679	-1	8	2	1.4e-07	0.000374165738677394	0.000374166	-6.85387	498
680	-1	8	3	1.2e-07	0.000346410161513775	0.00034641	-6.92082	245
681	-1	8	2	1.2e-07	0.000346410161513775	0.00034641	-6.92082	586
682	-1	8	3	1.2e-07	0.000346410161513775	0.00034641	-6.92082	155
683	-1	8	3	1.2e-07	0.000346410161513775	0.00034641	-6.92082	809
684	-1	6	2	1.2e-07	0.000346410161513775	0.00034641	-6.92082	505
685	-1	8	3	1.2e-07	0.000346410161513775	0.00034641	-6.92082	930
686	-1	8	3	1.2e-07	0.000346410161513775	0.00034641	-6.92082	84
687	-1	8	3	1.2e-07	0.000346410161513775	0.00034641	-6.92082	180
688	-1	8	2	1.2e-07	0.000346410161513775	0.00034641	-6.92082	908
689	-1	8	3	1.2e-07	0.000346410161513775	0.00034641	-6.92082	713
690	-1	8	3	1.2e-07	0.000346410161513775	0.00034641	-6.92082	12
691	-1	8	3	1.2e-07	0.000346410161513775	0.00034641	-6.92082	141
692	-1	8	3	1.2e-07	0.000346410161513775	0.00034641	-6.92082	600
693	-1	8	3	1.2e-07	0.000346410161513775	0.00034641	-6.92082	516
694	-1	8	2	1.2e-07	0.000346410161513775	0.00034641	-6.92082	298
695	-1	8	2	1.2e-07	0.000346410161513775	0.00034641	-6.92082	330
696	-1	8	3	1.2e-07	0.000346410161513775	0.00034641	-6.92082	656
697	-1	8	2	1.2e-07	0.000346410161513775	0.00034641	-6.92082	489
698	-1	8	2	1.2e-07	0.000346410161513775	0.00034641	-6.92082	772
699	-1	8	2	1.2e-07	0.000346410161513775	0.00034641	-6.92082	917
700	-1	6	2	1.2e-07	0.000346410161513775	0.00034641	-6.92082	511
701	-1	8	3	1.2e-07	0.000346410161513775	0.00034641	-6.92082	579
702	-1	8	3	1.2e-07	0.000346410161513775	0.00034641	-6.92082	123
703	-1	6	2	1.2e-07	0.000346410161513775	0.00034641	-6.92082	379
704	-1	8	2	1.2e-07	0.000346410161513775	0.00034641	-6.92082	277
705	-1	8	2	1.2e-07	0.000346410161513775	0.00034641	-6.92082	835
706	-1	8	2	1.2e-07	0.000346410161513775	0.00034641	-6.92082	578
707	-1	8	3	1.2e-07	0.000346410161513775	0.00034641	-6.92082	651
708	-1	8	2	1.2e-07	0.000346410161513775	0.00034641	-6.92082	124
709	-1	8	2	1.2e-07	0.000346410161513775	0.00034641	-6.92082	457
710	-1	8	3	1.2e-07	0.000346410161513775	0.00034641	-6.92082	426
711	-1	8	3	1.2e-07	0.000346410161513775	0.00034641	-6.92082	15
712	-1	8	3	1.2e-07	0.000346410161513775	0.00034641	-6.92082	272
713	-1	8	2	1.2e-07	0.000346410161513775	0.00034641	-6.92082	720
714	-1	6	2	1.2e-07	0.000346410161513775	0.00034641	-6.92082	568
715	-1	6	2	1.2e-07	0.000346410161513775	0.00034641	-6.92082	695
716	-1	8	2	1.2e-07	0.000346410161513775	0.00034641	-6.92082	476
717	-1	8	3	1.2e-07	0.000346410161513775	0.00034641	-6.92082	72
718	-1	8	3	1.2e-07	0.000346410161513775	0.00034641	-6.92082	845
719	-1	8	2	1.2e-07	0.000346410161513775	0.00034641	-6.92082	818
720	-1	8	3	1.2e-07	0.000346410161513775	0.00034641	-6.92082	659
721	-1	8	3	1.2e-07	0.000346410161513775	0.00034641	-6.92082	714
722	-1	8	3	1.2e-07	0.000346410161513775	0.00034641	-6.92082	791
723	-1	8	2	1.2e-07	0.000346410161513775	0.00034641	-6.92082	396
724	-1	8	2	1.2e-07	0.000346410161513775	0.00034641	-6.92082	531
725	-1	8	3	1.2e-07	0.000346410161513775	0.00034641	-6.92082	525
726	-1	8	3	1.2e-07	0.000346410161513775	0.00034641	-6.92082	642
727	-1	8	3	1.2e-07	0.000346410161513775	0.00034641	-6.92082	929
728	-1	8	2	1.2e-07	0.000346410161513775	0.00034641	-6.92082	280
729	-1	8	3	1e-07	0.000316227766016838	0.000316228	-7	411
730	-1	6	2	1e-07	0.000316227766016838	0.000316228	-7	570
731	-1	8	3	1e-07	0.000316227766016838	0.000316228	-7	28
732	-1	8	3	1e-07	0.000316227766016838	0.000316228	-7	425
733	-1	8	3	1e-07	0.000316227766016838	0.000316228	-7	601
734	-1	8	2	1e-07	0.000316227766016838	0.000316228	-7	910
735	-1	8	3	1e-07	0.000316227766016838	0.000316228	-7	210
736	-1	8	2	1e-07	0.000316227766016838	0.000316228	-7	576
737	-1	8	3	1e-07	0.000316227766016838	0.000316228	-7	137
738	-1	8	3	1e-07	0.000316227766016838	0.000316228	-7	156
739	-1	8	3	1e-07	0.000316227766016838	0.000316228	-7	519
740	-1	8	3	1e-07	0.000316227766016838	0.000316228	-7	658
741	-1	8	3	1e-07	0.000316227766016838	0.000316228	-7	116
742	-1	8	2	1e-07	0.000316227766016838	0.000316228	-7	161
743	-1	8	3	1e-07	0.000316227766016838	0.000316228	-7	413
744	-1	8	3	1e-07	0.000316227766016838	0.000316228	-7	206
745	-1	8	3	1e-07	0.000316227766016838	0.000316228	-7	834
746	-1	8	2	1e-07	0.000316227766016838	0.000316228	-7	270
747	-1	8	3	1e-07	0.000316227766016838	0.000316228	-7	902
748	-1	8	3	1e-07	0.000316227766016838	0.000316228	-7	235
749	-1	8	2	1e-07	0.000316227766016838	0.000316228	-7	398
750	-1	8	3	1e-07	0.000316227766016838	0.000316228	-7	267
751	-1	8	2	1e-07	0.000316227766016838	0.000316228	-7	894
752	-1	8	3	1e-07	0.000316227766016838	0.000316228	-7	551
753	-1	8	2	1e-07	0.000316227766016838	0.000316228	-7	432
754	-1	8	2	1e-07	0.000316227766016838	0.000316228	-7	893
755	-1	8	3	1e-07	0.000316227766016838	0.000316228	-7	460
756	-1	8	3	1e-07	0.000316227766016838	0.000316228	-7	90
757	-1	8	2	1e-07	0.000316227766016838	0.000316228	-7	938
758	-1	8	2	1e-07	0.000316227766016838	0.000316228	-7	594
759	-1	6	2	1e-07	0.000316227766016838	0.000316228	-7	444
760	-1	8	2	1e-07	0.000316227766016838	0.000316228	-7	372
761	-1	6	2	1e-07	0.000316227766016838	0.000316228	-7	757
762	-1	8	3	1e-07	0.000316227766016838	0.000316228	-7	471
763	-1	8	2	1e-07	0.000316227766016838	0.000316228	-7	496
764	-1	8	3	1e-07	0.000316227766016838	0.000316228	-7	201
765	-1	6	2	1e-07	0.000316227766016838	0.000316228	-7	764
766	-1	6	3	1e-07	0.000316227766016838	0.000316228	-7	128
767	-1	8	3	1e-07	0.000316227766016838	0.000316228	-7	20
768	-1	8	3	1e-07	0.000316227766016838	0.000316228	-7	771
769	-1	8	3	1e-07	0.000316227766016838	0.000316228	-7	389
770	-1	8	3	1e-07	0.000316227766016838	0.000316228	-7	453
771	-1	8	3	1e-07	0.000316227766016838	0.000316228	-7	854
772	-1	6	2	1e-07	0.000316227766016838	0.000316228	-7	129
773	-1	8	3	1e-07	0.000316227766016838	0.000316228	-7	766
774	-1	8	3	1e-07	0.000316227766016838	0.000316228	-7	469
775	-1	8	3	1e-07	0.000316227766016838	0.000316228	-7	451
776	-1	8	3	1e-07	0.000316227766016838	0.000316228	-7	75
777	-1	8	3	1e-07	0.000316227766016838	0.000316228	-7	307
778	-1	8	2	1e-07	0.000316227766016838	0.000316228	-7	879
779	-1	8	2	1e-07	0.000316227766016838	0.000316228	-7	909
780	-1	8	3	1e-07	0.000316227766016838	0.000316228	-7	269
781	-1	8	2	1e-07	0.000316227766016838	0.000316228	-7	187
782	-1	8	3	1e-07	0.000316227766016838	0.000316228	-7	81
783	-1	8	3	1e-07	0.000316227766016838	0.000316228	-7	583
784	-1	8	2	1e-07	0.000316227766016838	0.000316228	-7	529
785	-1	8	2	1e-07	0.000316227766016838	0.000316228	-7	487
786	-1	8	3	1e-07	0.000316227766016838	0.000316228	-7	595
787	-1	8	3	1e-07	0.000316227766016838	0.000316228	-7	91
788	-1	8	2	1e-07	0.000316227766016838	0.000316228	-7	405
789	-1	8	3	1e-07	0.000316227766016838	0.000316228	-7	837
790	-1	8	2	1e-07	0.000316227766016838	0.000316228	-7	901
791	-1	8	3	1e-07	0.000316227766016838	0.000316228	-7	218
792	-1	8	2	1e-07	0.000316227766016838	0.000316228	-7	768
793	-1	8	2	1e-07	0.000316227766016838	0.000316228	-7	711
794	-1	8	3	1e-07	0.000316227766016838	0.000316228	-7	831
795	-1	8	3	1e-07	0.000316227766016838	0.000316228	-7	774
796	-1	8	3	1e-07	0.000316227766016838	0.000316228	-7	784
797	-1	8	3	1e-07	0.000316227766016838	0.000316228	-7	722
798	-1	8	3	1e-07	0.000316227766016838	0.000316228	-7	782
799	-1	8	2	1e-07	0.000316227766016838	0.000316228	-7	718
800	-1	8	3	1e-07	0.000316227766016838	0.000316228	-7	144
801	-1	6	2	1e-07	0.000316227766016838	0.000316228	-7	884
802	-1	8	3	8e-08	0.000282842712474619	0.000282843	-7.09691	846
803	-1	8	2	8e-08	0.000282842712474619	0.000282843	-7.09691	450
804	-1	8	3	8e-08	0.000282842712474619	0.000282843	-7.09691	817
805	-1	6	2	8e-08	0.000282842712474619	0.000282843	-7.09691	381
806	-1	8	3	8e-08	0.000282842712474619	0.000282843	-7.09691	839
807	-1	8	3	8e-08	0.000282842712474619	0.000282843	-7.09691	597
808	-1	8	3	8e-08	0.000282842712474619	0.000282843	-7.09691	717
809	-1	8	3	8e-08	0.000282842712474619	0.000282843	-7.09691	179
810	-1	6	2	8e-08	0.000282842712474619	0.000282843	-7.09691	65
811	-1	6	2	8e-08	0.000282842712474619	0.000282843	-7.09691	512
812	-1	8	3	8e-08	0.000282842712474619	0.000282843	-7.09691	462
813	-1	6	2	8e-08	0.000282842712474619	0.000282843	-7.09691	820
814	-1	8	2	8e-08	0.000282842712474619	0.000282843	-7.09691	560
815	-1	8	3	8e-08	0.000282842712474619	0.000282843	-7.09691	452
816	-1	8	3	8e-08	0.000282842712474619	0.000282843	-7.09691	577
817	-1	6	2	8e-08	0.000282842712474619	0.000282843	-7.09691	190
818	-1	8	2	8e-08	0.000282842712474619	0.000282843	-7.09691	345
819	-1	8	3	8e-08	0.000282842712474619	0.000282843	-7.09691	829
820	-1	8	3	8e-08	0.000282842712474619	0.000282843	-7.09691	783
821	-1	8	2	8e-08	0.000282842712474619	0.000282843	-7.09691	142
822	-1	8	3	8e-08	0.000282842712474619	0.000282843	-7.09691	74
823	-1	8	3	8e-08	0.000282842712474619	0.000282843	-7.09691	533
824	-1	8	3	8e-08	0.000282842712474619	0.000282843	-7.09691	528
825	-1	8	3	8e-08	0.000282842712474619	0.000282843	-7.09691	903
826	-1	8	2	8e-08	0.000282842712474619	0.000282843	-7.09691	332
827	-1	8	2	8e-08	0.000282842712474619	0.000282843	-7.09691	435
828	-1	8	3	8e-08	0.000282842712474619	0.000282843	-7.09691	431
829	-1	8	2	8e-08	0.000282842712474619	0.000282843	-7.09691	399
830	-1	8	2	8e-08	0.000282842712474619	0.000282843	-7.09691	475
831	-1	8	2	8e-08	0.000282842712474619	0.000282843	-7.09691	520
832	-1	8	2	8e-08	0.000282842712474619	0.000282843	-7.09691	559
833	-1	8	2	8e-08	0.000282842712474619	0.000282843	-7.09691	881
834	-1	8	3	8e-08	0.000282842712474619	0.000282843	-7.09691	515
835	-1	6	2	8e-08	0.000282842712474619	0.000282843	-7.09691	442
836	-1	8	3	8e-08	0.000282842712474619	0.000282843	-7.09691	874
837	-1	6	2	8e-08	0.000282842712474619	0.000282843	-7.09691	827
838	-1	8	3	8e-08	0.000282842712474619	0.000282843	-7.09691	915
839	-1	8	3	8e-08	0.000282842712474619	0.000282843	-7.09691	712
840	-1	8	2	8e-08	0.000282842712474619	0.000282843	-7.09691	325
841	-1	6	2	8e-08	0.000282842712474619	0.000282843	-7.09691	71
842	-1	8	3	8e-08	0.000282842712474619	0.000282843	-7.09691	749
843	-1	8	3	8e-08	0.000282842712474619	0.000282843	-7.09691	911
844	-1	8	2	8e-08	0.000282842712474619	0.000282843	-7.09691	596
845	-1	8	3	8e-08	0.000282842712474619	0.000282843	-7.09691	159
846	-1	8	2	8e-08	0.000282842712474619	0.000282843	-7.09691	188
847	-1	8	2	8e-08	0.000282842712474619	0.000282843	-7.09691	98
848	-1	6	2	8e-08	0.000282842712474619	0.000282843	-7.09691	70
849	-1	8	3	8e-08	0.000282842712474619	0.000282843	-7.09691	557
850	-1	8	3	8e-08	0.000282842712474619	0.000282843	-7.09691	397
851	-1	8	2	8e-08	0.000282842712474619	0.000282843	-7.09691	160
852	-1	8	2	8e-08	0.000282842712474619	0.000282843	-7.09691	523
853	-1	8	3	8e-08	0.000282842712474619	0.000282843	-7.09691	19
854	-1	8	2	8e-08	0.000282842712474619	0.000282843	-7.09691	830
855	-1	8	3	6e-08	0.000244948974278318	0.000244949	-7.22185	777
856	-1	6	2	6e-08	0.000244948974278318	0.000244949	-7.22185	885
857	-1	8	3	6e-08	0.000244948974278318	0.000244949	-7.22185	200
858	-1	8	3	6e-08	0.000244948974278318	0.000244949	-7.22185	726
859	-1	8	3	6e-08	0.000244948974278318	0.000244949	-7.22185	704
860	-1	6	2	6e-08	0.000244948974278318	0.000244949	-7.22185	127
861	-1	8	3	6e-08	0.000244948974278318	0.000244949	-7.22185	741
862	-1	8	2	6e-08	0.000244948974278318	0.000244949	-7.22185	836
863	-1	8	3	6e-08	0.000244948974278318	0.000244949	-7.22185	650
864	-1	8	3	6e-08	0.000244948974278318	0.000244949	-7.22185	872
865	-1	8	3	6e-08	0.000244948974278318	0.000244949	-7.22185	615
866	-1	8	3	6e-08	0.000244948974278318	0.000244949	-7.22185	152
867	-1	8	3	6e-08	0.000244948974278318	0.000244949	-7.22185	786
868	-1	8	2	6e-08	0.000244948974278318	0.000244949	-7.22185	566
869	-1	8	3	6e-08	0.000244948974278318	0.000244949	-7.22185	789
870	-1	8	3	6e-08	0.000244948974278318	0.000244949	-7.22185	641
871	-1	8	2	6e-08	0.000244948974278318	0.000244949	-7.22185	602
872	-1	8	2	6e-08	0.000244948974278318	0.000244949	-7.22185	88
873	-1	8	3	6e-08	0.000244948974278318	0.000244949	-7.22185	843
874	-1	8	2	6e-08	0.000244948974278318	0.000244949	-7.22185	97
875	-1	8	2	6e-08	0.000244948974278318	0.000244949	-7.22185	370
876	-1	8	2	6e-08	0.000244948974278318	0.000244949	-7.22185	522
877	-1	8	3	6e-08	0.000244948974278318	0.000244949	-7.22185	215
878	-1	8	2	6e-08	0.000244948974278318	0.000244949	-7.22185	344
879	-1	8	3	6e-08	0.000244948974278318	0.000244949	-7.22185	810
880	-1	8	2	6e-08	0.000244948974278318	0.000244949	-7.22185	588
881	-1	8	2	6e-08	0.000244948974278318	0.000244949	-7.22185	558
882	-1	8	3	6e-08	0.000244948974278318	0.000244949	-7.22185	209
883	-1	8	3	6e-08	0.000244948974278318	0.000244949	-7.22185	183
884	-1	8	3	6e-08	0.000244948974278318	0.000244949	-7.22185	838
885	-1	8	2	6e-08	0.000244948974278318	0.000244949	-7.22185	387
886	-1	6	2	6e-08	0.000244948974278318	0.000244949	-7.22185	386
887	-1	8	3	6e-08	0.000244948974278318	0.000244949	-7.22185	723
888	-1	8	3	6e-08	0.000244948974278318	0.000244949	-7.22185	750
889	-1	8	2	6e-08	0.000244948974278318	0.000244949	-7.22185	404
890	-1	8	2	6e-08	0.000244948974278318	0.000244949	-7.22185	844
891	-1	8	3	6e-08	0.000244948974278318	0.000244949	-7.22185	120
892	-1	8	2	6e-08	0.000244948974278318	0.000244949	-7.22185	438
893	-1	8	3	6e-08	0.000244948974278318	0.000244949	-7.22185	456
894	-1	6	2	6e-08	0.000244948974278318	0.000244949	-7.22185	826
895	-1	8	3	6e-08	0.000244948974278318	0.000244949	-7.22185	262
896	-1	8	3	6e-08	0.000244948974278318	0.000244949	-7.22185	721
897	-1	8	3	6e-08	0.000244948974278318	0.000244949	-7.22185	89
898	-1	8	2	6e-08	0.000244948974278318	0.000244949	-7.22185	92
899	-1	8	2	6e-08	0.000244948974278318	0.000244949	-7.22185	181
900	-1	8	3	6e-08	0.000244948974278318	0.000244949	-7.22185	912
901	-1	8	3	6e-08	0.000244948974278318	0.000244949	-7.22185	135
902	-1	8	3	6e-08	0.000244948974278318	0.000244949	-7.22185	147
903	-1	8	2	6e-08	0.000244948974278318	0.000244949	-7.22185	403
904	-1	8	2	4e-08	0.0002	0.0002	-7.39794	813
905	-1	8	3	4e-08	0.0002	0.0002	-7.39794	10
906	-1	8	3	4e-08	0.0002	0.0002	-7.39794	582
907	-1	8	3	4e-08	0.0002	0.0002	-7.39794	812
908	-1	8	3	4e-08	0.0002	0.0002	-7.39794	108
909	-1	8	3	4e-08	0.0002	0.0002	-7.39794	111
910	-1	8	2	4e-08	0.0002	0.0002	-7.39794	773
911	-1	8	3	4e-08	0.0002	0.0002	-7.39794	143
912	-1	8	3	4e-08	0.0002	0.0002	-7.39794	613
913	-1	8	3	4e-08	0.0002	0.0002	-7.39794	775
914	-1	8	3	4e-08	0.0002	0.0002	-7.39794	561
915	-1	6	3	4e-08	0.0002	0.0002	-7.39794	64
916	-1	8	3	4e-08	0.0002	0.0002	-7.39794	402
917	-1	8	2	4e-08	0.0002	0.0002	-7.39794	326
918	-1	8	3	4e-08	0.0002	0.0002	-7.39794	539
919	-1	8	2	4e-08	0.0002	0.0002	-7.39794	727
920	-1	8	3	4e-08	0.0002	0.0002	-7.39794	11
921	-1	8	2	4e-08	0.0002	0.0002	-7.39794	440
922	-1	6	3	4e-08	0.0002	0.0002	-7.39794	822
923	-1	8	2	4e-08	0.0002	0.0002	-7.39794	336
924	-1	8	2	4e-08	0.0002	0.0002	-7.39794	530
925	-1	8	3	4e-08	0.0002	0.0002	-7.39794	847
926	-1	8	3	4e-08	0.0002	0.0002	-7.39794	785
927	-1	8	2	4e-08	0.0002	0.0002	-7.39794	119
928	-1	8	2	4e-08	0.0002	0.0002	-7.39794	207
929	-1	8	2	4e-08	0.0002	0.0002	-7.39794	264
930	-1	8	2	4e-08	0.0002	0.0002	-7.39794	214
931	-1	8	3	4e-08	0.0002	0.0002	-7.39794	470
932	-1	8	3	4e-08	0.0002	0.0002	-7.39794	649
933	-1	8	2	4e-08	0.0002	0.0002	-7.39794	273
934	-1	8	3	4e-08	0.0002	0.0002	-7.39794	880
935	-1	8	3	4e-08	0.0002	0.0002	-7.39794	186
936	-1	8	3	4e-08	0.0002	0.0002	-7.39794	174
937	-1	6	2	4e-08	0.0002	0.0002	-7.39794	133
938	-1	8	3	2e-08	0.00014142135623731	0.000141421	-7.69897	117
939	-1	8	3	2e-08	0.00014142135623731	0.000141421	-7.69897	390
940	-1	8	3	2e-08	0.00014142135623731	0.000141421	-7.69897	474
941	-1	8	2	2e-08	0.00014142135623731	0.000141421	-7.69897	268
942	-1	8	2	2e-08	0.00014142135623731	0.000141421	-7.69897	900
